0	120
1	70
1	107
1	1
1	371
1	37
1	178
1	313
1	372
1	373
1	229
1	151
1	265
1	457
1	351
1	407
1	113
1	7
1	8
1	82
1	317
1	477
1	45
1	240
1	385
1	441
1	190
1	46
1	47
1	86
1	290
1	122
1	291
1	194
1	356
1	51
1	127
1	244
1	273
1	56
1	331
1	366
1	25
1	208
1	209
1	419
1	62
1	275
1	276
1	173
1	280
1	139
1	141
1	341
1	308
1	145
2	194
2	61
2	182
2	174
2	31
2	164
2	166
2	99
2	204
2	286
2	298
3	102
3	37
3	383
3	392
3	385
3	145
5	331
6	96
6	183
6	176
6	104
6	252
6	187
6	172
6	281
6	146
6	145
7	7
7	8
7	346
7	466
7	126
7	371
7	1
7	165
7	240
7	21
7	167
7	152
7	86
7	290
8	346
8	454
8	104
8	1
8	152
8	76
8	7
8	8
8	9
8	45
8	240
8	385
8	482
8	120
8	86
8	87
8	290
8	126
8	165
8	21
8	247
8	167
8	490
8	297
8	172
8	64
8	281
8	282
9	7
9	8
9	454
9	70
9	104
9	93
9	64
9	178
9	400
11	465
12	227
12	261
12	372
12	350
12	110
12	40
12	45
12	12
12	240
12	413
12	244
12	168
12	366
12	26
12	28
12	395
12	135
12	171
12	64
13	49
14	234
14	182
14	183
14	82
14	382
14	165
14	33
14	281
14	304
14	247
14	121
14	14
14	78
14	222
15	146
15	145
16	182
16	454
16	103
16	16
16	385
16	351
16	77
16	145
17	466
17	104
17	383
17	442
17	145
17	309
18	139
19	471
20	450
20	414
21	371
21	108
21	152
21	76
21	315
21	7
21	8
21	183
21	186
21	187
21	190
21	86
21	87
21	122
21	90
21	126
21	127
21	246
21	21
21	247
21	296
21	167
21	58
21	469
21	207
21	297
21	96
21	281
22	191
23	442
23	392
23	146
23	145
24	244
25	45
25	1
25	51
25	93
26	66
26	103
26	227
26	108
26	263
26	181
26	351
26	407
26	111
26	187
26	12
26	155
26	121
26	124
26	90
26	293
26	487
26	127
26	246
26	208
26	26
26	420
26	96
26	339
26	282
26	141
27	227
27	395
27	12
27	393
27	110
27	387
27	417
27	40
28	122
28	244
28	227
28	319
28	411
28	372
28	12
28	385
28	247
28	482
28	110
28	281
28	141
28	376
28	77
28	40
29	16
31	224
31	259
31	70
31	371
31	2
31	177
31	178
31	285
31	459
31	351
31	233
31	41
31	80
31	477
31	236
31	436
31	117
31	438
31	153
31	267
31	320
31	441
31	386
31	483
31	269
31	290
31	197
31	198
31	199
31	93
31	164
31	166
31	246
31	330
31	247
31	129
31	167
31	58
31	283
31	447
31	418
31	298
31	61
31	31
31	33
31	64
31	281
31	99
31	339
31	174
31	65
31	307
31	36
32	283
32	266
33	33
34	293
34	281
35	407
36	80
36	50
36	113
36	31
36	198
36	199
36	165
36	177
36	187
36	338
36	349
36	290
36	481
36	306
36	192
36	158
37	82
37	1
37	37
37	53
37	385
37	282
37	167
37	87
37	232
37	146
37	145
38	61
38	236
38	198
38	64
38	99
40	454
40	106
40	227
40	372
40	110
40	232
40	77
40	233
40	40
40	183
40	118
40	85
40	45
40	12
40	240
40	323
40	482
40	87
40	413
40	51
40	244
40	363
40	167
40	28
40	334
40	395
40	450
40	281
40	282
40	140
40	141
40	343
41	42
41	272
41	347
41	31
41	198
41	267
41	64
41	99
41	351
42	199
43	103
44	1
44	44
44	45
44	229
44	190
44	457
45	345
45	224
45	347
45	1
45	227
45	106
45	455
45	372
45	110
45	457
45	180
45	264
45	285
45	265
45	77
45	40
45	407
45	351
45	79
45	7
45	8
45	317
45	44
45	187
45	463
45	45
45	240
45	190
45	47
45	388
45	86
45	465
45	290
45	122
45	413
45	194
45	51
45	466
45	244
45	392
45	56
45	417
45	204
45	168
45	25
45	209
45	471
45	62
45	395
45	276
45	280
45	139
45	141
45	307
45	145
46	66
46	454
46	70
46	371
46	1
46	108
46	110
46	152
46	407
46	234
46	113
46	380
46	318
46	85
46	240
46	385
46	322
46	120
46	121
46	87
46	443
46	290
46	124
46	90
46	53
46	167
46	297
46	64
46	173
46	281
46	139
46	284
46	145
47	1
47	45
48	246
48	111
49	226
49	128
49	13
49	86
49	156
51	413
51	51
51	334
51	251
51	244
51	1
51	227
51	359
51	106
51	463
51	45
51	233
51	110
51	265
51	77
51	25
51	40
53	346
53	347
53	104
53	371
53	108
53	110
53	263
53	179
53	152
53	264
53	400
53	351
53	40
53	407
53	78
53	113
53	7
53	8
53	380
53	84
53	383
53	463
53	322
53	46
53	86
53	121
53	357
53	126
53	487
53	163
53	198
53	204
53	366
53	297
53	471
53	395
53	301
53	64
53	280
53	99
53	139
53	282
53	174
53	141
53	219
53	146
53	309
54	201
55	234
55	182
55	82
55	16
55	252
55	246
55	120
55	442
55	232
55	145
55	309
56	454
56	232
56	187
56	45
56	120
56	121
56	465
56	446
56	201
56	246
56	56
56	330
56	297
56	96
56	422
56	275
56	64
56	280
56	139
56	282
56	145
57	177
58	58
58	49
59	301
59	145
60	405
62	347
62	1
62	178
62	313
62	80
62	187
62	45
62	483
62	192
62	290
62	291
62	194
62	127
62	198
62	165
62	62
62	275
62	99
62	145
63	351
64	149
64	151
64	152
64	400
64	405
64	407
64	7
64	8
64	9
64	12
64	289
64	290
64	291
64	163
64	166
64	295
64	167
64	297
64	31
64	299
64	174
64	309
64	38
64	178
64	182
64	183
64	184
64	187
64	321
64	441
64	190
64	46
64	197
64	199
64	56
64	204
64	58
64	448
64	64
64	338
64	218
64	65
64	453
64	220
64	344
64	346
64	68
64	347
64	454
64	70
64	455
64	74
64	231
64	459
64	351
64	353
64	80
64	236
64	462
64	85
64	240
64	87
64	355
64	358
64	93
64	360
64	246
64	366
64	471
64	472
64	252
64	99
64	475
64	103
64	104
64	371
64	108
64	262
64	110
64	477
64	267
64	386
64	483
64	124
64	127
64	275
64	280
64	281
64	139
64	282
64	284
64	145
65	224
65	454
65	31
65	127
65	198
65	153
65	386
65	167
65	65
65	87
66	66
66	104
66	371
66	263
66	179
66	76
66	181
66	407
66	234
66	183
66	318
66	84
66	153
66	187
66	322
66	482
66	155
66	87
66	357
66	466
66	244
66	127
66	199
66	53
66	246
66	247
66	207
66	26
66	297
66	171
66	172
66	282
66	427
66	141
68	344
68	68
68	347
68	103
68	259
68	351
68	477
68	236
68	187
68	85
68	240
68	191
68	122
68	197
68	93
68	166
68	246
68	247
68	167
68	204
68	275
68	64
68	281
68	99
68	282
68	174
69	477
69	103
69	174
69	84
69	93
69	64
69	99
69	481
69	204
69	465
69	289
69	290
69	298
70	454
70	70
70	371
70	108
70	403
70	178
70	459
70	407
70	82
70	318
70	85
70	187
70	46
70	386
70	120
70	87
70	290
70	486
70	127
70	198
70	58
70	297
70	31
70	252
70	33
70	64
70	280
70	281
70	65
70	400
70	146
70	145
72	351
74	64
74	351
76	66
76	7
76	8
76	466
76	469
76	126
76	486
76	371
76	284
76	108
76	282
76	204
76	152
76	86
76	241
76	76
76	412
77	176
77	104
77	227
77	261
77	312
77	372
77	4
77	110
77	263
77	77
77	40
77	287
77	185
77	463
77	45
77	323
77	387
77	242
77	413
77	16
77	244
77	488
77	468
77	393
77	168
77	367
77	28
77	134
77	395
77	171
77	450
77	497
78	182
78	14
78	90
78	58
78	96
78	371
78	127
78	187
78	33
78	281
78	167
78	121
78	87
79	104
79	37
79	180
79	232
79	79
79	187
79	85
79	45
79	240
79	482
79	120
79	87
79	122
79	127
79	94
79	208
79	419
79	300
79	281
79	145
80	194
80	80
80	250
80	145
80	31
80	198
80	199
80	187
80	233
80	178
80	360
80	99
80	482
80	483
80	174
80	289
80	290
80	297
81	321
82	66
82	108
82	151
82	232
82	286
82	42
82	234
82	182
82	82
82	436
82	236
82	117
82	187
82	383
82	190
82	388
82	465
82	442
82	14
82	87
82	121
82	389
82	122
82	50
82	466
82	90
82	486
82	127
82	246
82	392
82	330
82	247
82	129
82	167
82	61
82	252
82	33
82	173
82	426
82	282
82	146
82	145
82	309
83	168
83	141
83	12
84	346
84	69
84	108
84	228
84	407
84	183
84	436
84	118
84	84
84	441
84	482
84	465
84	87
84	124
84	246
84	167
84	331
84	297
84	96
84	338
84	281
84	99
84	282
84	218
84	144
85	346
85	68
85	225
85	347
85	70
85	104
85	371
85	454
85	108
85	73
85	152
85	405
85	40
85	79
85	7
85	8
85	318
85	85
85	240
85	385
85	441
85	46
85	155
85	465
85	87
85	290
85	124
85	90
85	358
85	487
85	127
85	390
85	53
85	246
85	167
85	58
85	366
85	297
85	252
85	275
85	301
85	64
85	280
85	281
85	99
85	282
85	174
85	400
85	145
86	345
86	104
86	371
86	1
86	152
86	76
86	7
86	8
86	187
86	45
86	385
86	190
86	86
86	465
86	87
86	241
86	122
86	126
86	165
86	294
86	53
86	246
86	21
86	247
86	167
86	58
86	469
86	207
86	284
87	284
87	152
87	7
87	8
87	290
87	413
87	21
87	167
87	297
87	419
87	171
87	172
87	301
87	304
87	427
87	174
87	309
87	37
87	40
87	182
87	187
87	189
87	322
87	190
87	46
87	330
87	64
87	339
87	65
87	340
87	346
87	454
87	70
87	227
87	229
87	79
87	234
87	82
87	84
87	85
87	240
87	465
87	87
87	357
87	90
87	246
87	247
87	366
87	96
87	252
87	99
87	104
87	107
87	371
87	108
87	110
87	263
87	265
87	113
87	114
87	477
87	380
87	480
87	385
87	483
87	120
87	121
87	124
87	126
87	486
87	487
87	132
87	275
87	280
87	141
87	400
87	145
88	174
88	456
88	441
88	489
88	88
90	346
90	454
90	37
90	110
90	263
90	232
90	78
90	234
90	183
90	82
90	380
90	383
90	189
90	240
90	322
90	191
90	87
90	413
90	159
90	90
90	126
90	244
90	127
90	246
90	204
90	167
90	26
90	96
90	338
90	173
90	280
90	281
90	426
90	282
90	427
90	146
90	309
92	61
92	92
92	33
92	281
92	190
93	344
93	68
93	347
93	69
93	103
93	455
93	152
93	232
93	477
93	9
93	236
93	153
93	187
93	267
93	321
93	269
93	290
93	122
93	50
93	199
93	93
93	204
93	25
93	298
93	471
93	31
93	64
93	99
93	282
93	174
93	65
94	486
94	300
94	214
94	397
94	94
94	79
95	351
96	67
96	102
96	346
96	103
96	347
96	104
96	428
96	229
96	351
96	78
96	79
96	6
96	234
96	477
96	84
96	267
96	189
96	441
96	481
96	465
96	87
96	442
96	290
96	194
96	357
96	124
96	90
96	326
96	21
96	56
96	247
96	296
96	167
96	94
96	471
96	96
96	252
96	281
96	282
96	174
96	65
96	141
96	400
96	220
96	36
96	309
97	357
97	97
97	318
97	227
97	395
97	482
97	146
97	145
98	146
98	16
98	371
98	227
98	168
98	171
98	120
98	58
98	232
98	77
98	145
99	344
99	454
99	68
99	347
99	69
99	103
99	71
99	2
99	38
99	455
99	108
99	232
99	351
99	41
99	42
99	80
99	408
99	477
99	436
99	236
99	462
99	266
99	84
99	439
99	85
99	320
99	267
99	188
99	240
99	321
99	441
99	190
99	191
99	481
99	483
99	289
99	192
99	87
99	290
99	355
99	122
99	124
99	198
99	199
99	164
99	165
99	166
99	93
99	246
99	247
99	167
99	204
99	297
99	298
99	61
99	31
99	62
99	275
99	300
99	64
99	280
99	99
99	174
99	220
100	322
101	182
102	234
102	182
102	82
102	96
102	102
102	486
102	33
102	330
102	247
102	426
102	482
102	121
103	346
103	68
103	347
103	69
103	103
103	476
103	105
103	228
103	349
103	285
103	232
103	351
103	461
103	113
103	112
103	477
103	43
103	437
103	187
103	238
103	267
103	240
103	441
103	481
103	190
103	482
103	288
103	120
103	465
103	289
103	156
103	192
103	290
103	158
103	291
103	271
103	16
103	165
103	391
103	247
103	167
103	248
103	26
103	471
103	96
103	333
103	335
103	275
103	300
103	369
103	64
103	99
103	282
103	174
103	428
103	220
103	221
104	66
104	454
104	104
104	371
104	227
104	108
104	110
104	151
104	264
104	77
104	407
104	79
104	7
104	8
104	318
104	85
104	240
104	385
104	322
104	482
104	120
104	87
104	290
104	466
104	124
104	127
104	53
104	246
104	247
104	167
104	58
104	297
104	419
104	96
104	252
104	172
104	64
104	214
104	281
104	282
104	340
104	284
104	146
104	145
105	103
106	413
106	51
106	106
106	45
106	372
106	110
106	47
106	40
107	122
107	336
107	107
107	87
107	425
107	229
107	167
107	232
107	400
107	39
108	454
108	68
108	427
108	371
108	227
108	108
108	178
108	263
108	151
108	265
108	181
108	407
108	183
108	82
108	380
108	318
108	184
108	118
108	84
108	267
108	498
108	240
108	322
108	46
108	465
108	87
108	121
108	290
108	413
108	357
108	124
108	487
108	127
108	53
108	246
108	21
108	208
108	26
108	297
108	132
108	252
108	254
108	301
108	64
108	338
108	339
108	281
108	139
108	174
108	141
108	284
108	146
108	145
108	309
109	486
110	454
110	371
110	106
110	227
110	372
110	110
110	152
110	265
110	77
110	40
110	85
110	45
110	12
110	240
110	322
110	323
110	46
110	385
110	120
110	387
110	87
110	482
110	290
110	413
110	51
110	90
110	124
110	244
110	390
110	446
110	53
110	363
110	167
110	168
110	58
110	366
110	417
110	208
110	297
110	28
110	395
110	171
110	64
110	450
110	280
110	281
110	279
110	282
110	427
110	141
110	400
110	343
111	147
111	103
111	263
111	179
111	111
111	407
111	183
111	187
111	385
111	481
111	48
111	51
111	293
111	246
111	208
111	26
111	471
111	275
111	426
111	282
111	174
111	220
112	103
113	103
113	371
113	1
113	71
113	459
113	404
113	405
113	113
113	115
113	462
113	153
113	187
113	240
113	385
113	481
113	190
113	46
113	386
113	241
113	290
113	198
113	199
113	165
113	53
113	246
113	247
113	167
113	298
113	275
113	300
113	173
113	280
113	281
113	282
113	174
113	36
114	146
114	87
114	432
115	113
117	70
117	78
117	477
117	82
117	236
117	182
117	318
117	386
117	121
117	14
117	290
117	124
117	198
117	392
117	61
117	31
117	33
117	173
117	304
117	174
117	65
118	346
118	347
118	103
118	227
118	228
118	178
118	110
118	264
118	459
118	76
118	77
118	40
118	351
118	79
118	80
118	477
118	118
118	186
118	84
118	85
118	12
118	240
118	385
118	482
118	191
118	481
118	290
118	194
118	126
118	487
118	244
118	198
118	164
118	165
118	166
118	93
118	21
118	330
118	331
118	366
118	471
118	419
118	334
118	395
118	301
118	172
118	64
118	214
118	99
118	139
118	174
118	400
118	498
118	145
119	152
120	259
120	70
120	104
120	0
120	110
120	152
120	265
120	232
120	7
120	8
120	182
120	240
120	322
120	190
120	87
120	442
120	290
120	127
120	361
120	56
120	297
120	132
120	252
120	171
120	98
120	426
120	282
120	174
121	66
121	102
121	70
121	371
121	108
121	151
121	232
121	407
121	78
121	42
121	234
121	182
121	183
121	82
121	318
121	184
121	117
121	382
121	187
121	322
121	46
121	121
121	14
121	442
121	87
121	124
121	90
121	486
121	293
121	487
121	127
121	92
121	53
121	246
121	55
121	56
121	330
121	247
121	392
121	167
121	418
121	26
121	297
121	96
121	252
121	33
121	338
121	173
121	281
121	304
121	426
121	139
121	282
121	218
121	340
121	145
122	176
122	224
122	68
122	346
122	347
122	103
122	1
122	107
122	108
122	177
122	403
122	455
122	313
122	229
122	264
122	180
122	285
122	351
122	407
122	79
122	6
122	113
122	477
122	317
122	82
122	266
122	186
122	187
122	45
122	12
122	441
122	240
122	190
122	191
122	385
122	86
122	290
122	194
122	357
122	325
122	486
122	244
122	93
122	392
122	21
122	330
122	204
122	209
122	298
122	471
122	419
122	334
122	253
122	424
122	214
122	173
122	99
122	139
122	174
122	498
122	36
123	70
124	66
124	346
124	454
124	104
124	371
124	108
124	403
124	110
124	263
124	179
124	152
124	407
124	234
124	477
124	183
124	82
124	380
124	117
124	187
124	85
124	240
124	385
124	322
124	190
124	46
124	155
124	121
124	194
124	357
124	466
124	124
124	487
124	127
124	366
124	132
124	252
124	172
124	64
124	280
124	339
124	281
124	282
124	427
124	141
124	145
126	371
126	151
126	152
126	76
126	7
126	8
126	183
126	240
126	385
126	46
126	86
126	87
126	466
126	90
126	126
126	486
126	294
126	53
126	21
126	296
126	129
126	167
126	58
126	469
126	207
126	297
126	281
126	282
126	284
127	66
127	454
127	70
127	104
127	1
127	371
127	108
127	263
127	151
127	152
127	264
127	232
127	400
127	407
127	79
127	234
127	7
127	8
127	183
127	477
127	380
127	85
127	267
127	240
127	385
127	322
127	190
127	386
127	155
127	120
127	121
127	290
127	413
127	124
127	90
127	487
127	127
127	199
127	247
127	366
127	208
127	26
127	297
127	494
127	419
127	252
127	62
127	254
127	280
127	339
127	139
127	282
127	427
127	141
127	219
127	145
128	49
129	70
129	371
129	104
129	37
129	286
129	78
129	234
129	182
129	82
129	383
129	121
129	442
129	243
129	126
129	486
129	392
129	58
129	331
129	297
129	132
129	61
129	31
129	252
129	275
129	33
129	173
129	139
129	304
129	426
129	146
129	145
130	217
131	139
131	201
132	124
132	252
132	282
132	151
132	120
132	145
132	132
133	198
133	133
133	454
133	201
135	12
135	201
138	351
139	454
139	1
139	108
139	263
139	407
139	183
139	380
139	184
139	45
139	240
139	322
139	190
139	46
139	357
139	18
139	201
139	56
139	204
139	131
139	297
139	255
139	64
139	139
139	282
139	400
140	40
141	66
141	106
141	227
141	108
141	372
141	110
141	180
141	265
141	181
141	77
141	40
141	407
141	183
141	83
141	187
141	45
141	12
141	240
141	87
141	413
141	51
141	124
141	487
141	244
141	163
141	127
141	53
141	246
141	168
141	366
141	208
141	209
141	26
141	28
141	336
141	395
141	171
141	338
141	281
141	282
141	427
141	141
142	151
143	143
143	373
144	84
145	1
145	148
145	3
145	150
145	151
145	152
145	286
145	407
145	6
145	498
145	15
145	290
145	161
145	16
145	17
145	414
145	295
145	167
145	23
145	297
145	419
145	171
145	33
145	301
145	303
145	304
145	174
145	429
145	309
145	37
145	314
145	180
145	183
145	436
145	184
145	45
145	322
145	190
145	46
145	442
145	53
145	55
145	56
145	330
145	203
145	331
145	59
145	211
145	64
145	65
145	70
145	227
145	73
145	230
145	232
145	459
145	79
145	80
145	82
145	85
145	240
145	87
145	357
145	91
145	245
145	246
145	247
145	366
145	97
145	252
145	98
145	259
145	104
145	260
145	371
145	108
145	114
145	478
145	118
145	381
145	383
145	385
145	482
145	484
145	121
145	124
145	486
145	127
145	391
145	129
145	493
145	132
145	395
145	396
145	280
145	281
145	282
145	400
145	146
145	145
146	259
146	70
146	104
146	260
146	227
146	37
146	150
146	314
146	151
146	232
146	407
146	6
146	114
146	183
146	436
146	82
146	187
146	383
146	482
146	442
146	357
146	90
146	486
146	246
146	247
146	129
146	167
146	97
146	252
146	395
146	301
146	98
146	281
146	146
146	145
146	309
147	111
148	145
149	64
150	146
150	145
151	104
151	371
151	1
151	108
151	263
151	151
151	152
151	264
151	407
151	234
151	183
151	82
151	380
151	84
151	383
151	218
151	240
151	190
151	121
151	443
151	290
151	124
151	126
151	127
151	246
151	208
151	297
151	132
151	252
151	300
151	142
151	64
151	337
151	98
151	281
151	174
151	65
151	340
151	143
151	309
152	66
152	371
152	262
152	152
152	232
152	76
152	407
152	7
152	8
152	318
152	119
152	240
152	120
152	86
152	87
152	290
152	124
152	90
152	466
152	126
152	486
152	127
152	93
152	165
152	294
152	246
152	21
152	247
152	167
152	58
152	469
152	297
152	252
152	275
152	64
152	281
152	282
152	218
152	284
153	170
153	31
153	199
153	93
153	153
153	187
153	247
153	65
153	233
154	201
155	66
155	183
155	346
155	379
155	124
155	127
155	85
155	228
155	338
155	349
155	246
155	398
155	155
155	180
155	141
155	181
155	405
155	26
156	471
156	103
156	187
156	267
156	172
156	481
156	155
156	179
156	331
156	49
156	77
157	457
158	103
158	318
158	164
158	165
158	166
158	262
158	384
158	173
158	151
158	285
158	192
158	158
158	36
158	298
159	165
159	90
159	167
160	189
160	229
160	33
161	252
161	145
163	30
163	163
163	227
163	200
163	209
163	64
163	240
163	230
163	180
163	141
163	366
163	307
163	407
164	164
164	166
165	346
165	225
165	103
165	229
165	152
165	461
165	407
165	79
165	113
165	7
165	8
165	85
165	481
165	190
165	86
165	14
165	290
165	158
165	159
165	125
165	165
165	331
165	275
165	300
165	338
165	281
165	174
165	400
165	36
166	454
166	178
166	459
166	80
166	236
166	318
166	118
166	85
166	267
166	385
166	322
166	482
166	191
166	386
166	290
166	194
166	198
166	164
166	53
166	166
166	297
166	298
166	31
166	281
166	99
166	174
166	283
167	454
167	68
167	347
167	427
167	70
167	104
167	107
167	227
167	37
167	371
167	108
167	110
167	263
167	152
167	265
167	351
167	40
167	78
167	79
167	234
167	7
167	8
167	183
167	113
167	477
167	380
167	186
167	84
167	85
167	218
167	189
167	240
167	322
167	190
167	46
167	386
167	86
167	87
167	121
167	290
167	413
167	357
167	325
167	90
167	126
167	487
167	486
167	198
167	21
167	330
167	247
167	167
167	331
167	366
167	297
167	419
167	96
167	31
167	252
167	275
167	256
167	300
167	171
167	64
167	214
167	280
167	339
167	304
167	99
167	174
167	65
167	400
167	145
167	309
168	413
168	259
168	244
168	227
168	171
168	45
168	12
168	56
168	98
168	110
168	168
168	141
168	376
168	77
170	153
171	66
171	227
171	110
171	232
171	77
171	40
171	12
171	385
171	120
171	87
171	413
171	124
171	244
171	168
171	366
171	31
171	395
171	171
171	450
171	282
171	218
171	141
171	400
171	145
172	66
172	259
172	104
172	108
172	263
172	264
172	179
172	232
172	6
172	7
172	8
172	183
172	436
172	379
172	118
172	187
172	240
172	385
172	190
172	86
172	87
172	156
172	357
172	466
172	124
172	127
172	247
172	332
172	297
172	172
172	281
172	426
172	340
172	498
173	431
173	1
173	42
173	234
173	182
173	183
173	82
173	380
173	187
173	440
173	240
173	46
173	386
173	121
173	14
173	241
173	485
173	122
173	466
173	90
173	486
173	246
173	330
173	247
173	206
173	275
173	277
173	33
173	302
173	278
173	173
173	304
173	426
174	346
174	68
174	347
174	454
174	371
174	2
174	108
174	178
174	151
174	232
174	459
174	42
174	80
174	182
174	113
174	236
174	477
174	118
174	85
174	441
174	385
174	386
174	483
174	87
174	290
174	291
174	272
174	198
174	199
174	164
174	165
174	166
174	247
174	167
174	204
174	297
174	298
174	96
174	31
174	275
174	64
174	280
174	281
174	99
174	282
174	174
174	65
174	474
174	145
175	392
175	309
175	33
176	6
176	466
176	252
176	227
176	482
176	151
176	77
177	194
177	212
177	31
177	177
177	57
177	36
178	194
178	80
178	174
178	31
178	198
178	164
178	166
178	178
178	483
178	386
178	65
179	124
179	369
179	264
179	263
179	167
179	156
179	498
181	66
181	108
181	263
181	111
181	181
181	183
181	184
181	187
181	189
181	155
181	244
181	246
181	26
181	254
181	276
181	171
181	282
181	427
181	141
182	344
182	454
182	371
182	2
182	109
182	78
182	316
182	234
182	82
182	117
182	120
182	121
182	442
182	14
182	87
182	466
182	196
182	327
182	199
182	92
182	202
182	55
182	330
182	392
182	364
182	61
182	251
182	252
182	33
182	302
182	399
182	304
182	282
182	174
182	218
182	101
183	68
183	347
183	103
183	371
183	227
183	108
183	151
183	265
183	111
183	40
183	407
183	6
183	234
183	183
183	380
183	84
183	382
183	187
183	322
183	155
183	121
183	413
183	357
183	90
183	487
183	246
183	297
183	298
183	172
183	64
183	338
183	173
183	304
183	426
183	282
183	427
183	141
183	146
184	347
184	371
184	108
184	263
184	407
184	380
184	318
184	184
184	322
184	190
184	46
184	121
184	443
184	356
184	486
184	487
184	330
184	208
184	26
184	419
184	252
184	139
184	141
184	220
184	145
185	290
185	77
185	424
186	325
186	51
186	251
186	186
186	204
186	187
186	136
186	360
186	21
186	247
186	190
186	167
186	208
187	152
187	285
187	407
187	6
187	153
187	498
187	291
187	413
187	293
187	21
187	167
187	26
187	419
187	300
187	301
187	172
187	173
187	427
187	428
187	36
187	309
187	180
187	181
187	40
187	183
187	317
187	318
187	185
187	186
187	187
187	45
187	189
187	441
187	190
187	191
187	194
187	325
187	56
187	207
187	208
187	209
187	64
187	338
187	339
187	65
187	220
187	66
187	344
187	345
187	224
187	68
187	347
187	70
187	455
187	232
187	459
187	351
187	78
187	79
187	80
187	82
187	236
187	85
187	240
187	86
187	87
187	241
187	357
187	466
187	244
187	93
187	246
187	247
187	469
187	471
187	96
187	252
187	254
187	371
187	263
187	111
187	113
187	114
187	477
187	385
187	481
187	483
187	120
187	121
187	122
187	124
187	486
187	487
187	392
187	275
187	395
187	280
187	281
187	282
187	146
188	85
188	280
188	99
188	247
188	351
189	96
189	90
189	187
189	246
189	189
189	229
189	247
189	167
189	87
189	400
189	181
189	122
190	345
190	346
190	347
190	103
190	107
190	1
190	371
190	108
190	313
190	151
190	180
190	351
190	407
190	79
190	113
190	317
190	82
190	186
190	153
190	187
190	45
190	479
190	498
190	240
190	385
190	481
190	190
190	191
190	86
190	442
190	465
190	290
190	194
190	357
190	244
190	92
190	165
190	21
190	204
190	297
190	471
190	419
190	253
190	275
190	450
190	280
190	99
190	174
190	307
190	145
191	68
191	405
191	407
191	477
191	236
191	187
191	267
191	190
191	191
191	87
191	122
191	90
191	197
191	199
191	164
191	165
191	166
191	53
191	204
191	22
191	297
191	419
191	280
191	99
191	174
191	428
191	220
191	498
192	475
192	103
192	199
192	165
192	300
192	228
192	290
192	99
192	481
192	285
192	192
192	158
192	36
192	298
193	289
194	345
194	454
194	1
194	2
194	177
194	178
194	313
194	459
194	80
194	236
194	187
194	45
194	385
194	190
194	483
194	194
194	124
194	198
194	164
194	166
194	246
194	57
194	247
194	297
194	62
194	281
194	283
194	307
195	321
195	477
197	344
197	454
197	68
197	70
197	178
197	459
197	351
197	80
197	477
197	116
197	481
197	191
197	386
197	93
197	298
197	31
197	275
197	64
197	99
197	174
198	70
198	38
198	178
198	313
198	41
198	80
198	236
198	438
198	320
198	386
198	483
198	121
198	87
198	194
198	197
198	198
198	199
198	164
198	166
198	167
198	298
198	133
198	250
198	31
198	64
198	99
198	174
198	36
199	66
199	347
199	70
199	455
199	178
199	285
199	459
199	286
199	78
199	42
199	80
199	182
199	234
199	236
199	113
199	477
199	266
199	153
199	240
199	191
199	386
199	483
199	289
199	290
199	127
199	198
199	93
199	53
199	360
199	204
199	283
199	298
199	471
199	61
199	31
199	252
199	275
199	424
199	64
199	304
199	99
199	174
199	65
199	36
201	310
201	438
201	135
201	154
201	54
201	416
201	56
201	139
201	464
201	131
201	491
201	407
202	182
203	240
203	145
204	68
204	69
204	347
204	370
204	371
204	1
204	2
204	455
204	351
204	234
204	408
204	477
204	236
204	186
204	45
204	321
204	190
204	191
204	465
204	289
204	122
204	325
204	90
204	199
204	93
204	53
204	360
204	204
204	365
204	58
204	169
204	297
204	471
204	255
204	424
204	64
204	139
204	174
204	307
206	173
207	66
207	126
207	187
207	21
207	296
207	86
207	76
207	207
208	108
208	110
208	151
208	265
208	111
208	79
208	184
208	186
208	187
208	190
208	413
208	325
208	244
208	246
208	208
208	297
208	26
208	427
208	141
209	50
209	336
209	244
209	1
209	187
209	209
209	45
209	216
209	180
209	141
209	366
209	122
212	177
213	477
213	213
214	419
214	118
214	127
214	300
214	360
214	411
214	214
214	240
214	267
214	281
214	296
214	282
214	167
214	94
214	498
214	297
214	79
216	366
216	209
217	375
217	492
217	130
218	346
218	1
218	263
218	151
218	152
218	407
218	234
218	182
218	84
218	187
218	385
218	121
218	290
218	246
218	366
218	297
218	252
218	171
218	64
218	339
218	139
218	282
218	427
218	218
218	400
218	145
219	176
219	104
219	232
219	127
219	382
219	198
219	53
219	360
219	263
219	459
219	284
220	477
220	358
220	187
220	328
220	64
220	247
220	167
220	289
220	355
220	220
222	14
222	304
223	224
223	351
224	345
224	224
224	153
224	187
224	45
224	190
224	65
224	283
224	351
225	42
225	275
225	165
225	187
225	281
225	247
225	290
226	49
227	176
227	104
227	227
227	372
227	314
227	110
227	77
227	40
227	183
227	45
227	12
227	385
227	482
227	387
227	87
227	413
227	244
227	393
227	168
227	366
227	28
227	97
227	395
227	450
227	98
227	282
227	141
227	146
227	145
228	103
228	84
228	53
228	228
228	456
228	465
228	155
228	331
228	192
229	96
229	122
229	160
229	107
229	1
229	44
229	87
229	165
229	229
229	482
229	167
229	180
229	297
229	232
229	400
229	407
230	6
230	266
230	346
230	466
230	145
230	104
230	163
230	366
230	209
230	301
230	450
230	498
230	240
230	280
230	386
230	285
230	290
230	297
231	64
231	351
232	454
232	103
232	427
232	70
232	259
232	104
232	107
232	371
232	108
232	403
232	229
232	263
232	152
232	265
232	232
232	40
232	407
232	79
232	82
232	187
232	383
232	267
232	240
232	441
232	120
232	442
232	290
232	124
232	487
232	127
232	414
232	55
232	56
232	392
232	167
232	168
232	366
232	297
232	419
232	252
232	171
232	172
232	281
232	426
232	282
232	174
232	219
233	80
233	477
233	51
233	116
233	31
233	70
233	153
233	483
233	307
234	346
234	454
234	455
234	151
234	407
234	182
234	82
234	183
234	85
234	322
234	482
234	46
234	121
234	14
234	87
234	290
234	124
234	90
234	486
234	127
234	53
234	246
234	247
234	167
234	204
234	58
234	297
234	252
234	173
234	282
234	218
234	400
235	419
236	68
236	347
236	371
236	71
236	38
236	178
236	286
236	80
236	113
236	82
236	236
236	117
236	354
236	191
236	386
236	483
236	194
236	198
236	199
236	93
236	166
236	360
236	204
236	491
236	297
236	298
236	31
236	423
236	64
236	99
236	174
236	283
237	252
238	103
238	36
239	65
239	466
240	1
240	152
240	405
240	407
240	7
240	8
240	12
240	289
240	290
240	413
240	163
240	167
240	297
240	419
240	299
240	301
240	172
240	173
240	174
240	309
240	178
240	40
240	436
240	318
240	187
240	322
240	190
240	46
240	325
240	203
240	58
240	331
240	213
240	64
240	214
240	342
240	220
240	346
240	68
240	347
240	454
240	227
240	230
240	232
240	459
240	351
240	353
240	85
240	240
240	87
240	355
240	90
240	366
240	253
240	252
240	99
240	103
240	104
240	371
240	108
240	110
240	263
240	113
240	477
240	267
240	482
240	120
240	122
240	124
240	126
240	129
240	275
240	395
240	280
240	281
240	139
240	282
240	141
240	400
240	145
241	347
241	178
241	263
241	459
241	76
241	78
241	407
241	79
241	80
241	113
241	44
241	187
241	190
241	86
241	290
241	194
241	325
241	293
241	244
241	246
241	336
241	173
241	65
243	486
244	1
244	227
244	372
244	110
244	457
244	265
244	181
244	77
244	40
244	187
244	319
244	45
244	12
244	385
244	190
244	120
244	241
244	122
244	51
244	244
244	168
244	24
244	208
244	209
244	28
244	96
244	334
244	395
244	141
245	145
246	66
246	346
246	68
246	347
246	103
246	104
246	371
246	227
246	108
246	403
246	178
246	263
246	151
246	152
246	265
246	232
246	181
246	111
246	40
246	407
246	80
246	114
246	182
246	183
246	82
246	380
246	84
246	187
246	85
246	190
246	86
246	442
246	87
246	290
246	357
246	325
246	51
246	90
246	124
246	126
246	487
246	486
246	246
246	21
246	247
246	168
246	366
246	208
246	26
246	297
246	31
246	275
246	300
246	171
246	172
246	64
246	338
246	173
246	339
246	281
246	65
246	141
246	146
246	309
247	66
247	102
247	68
247	145
247	225
247	104
247	454
247	263
247	151
247	152
247	180
247	232
247	265
247	181
247	351
247	78
247	113
247	7
247	8
247	82
247	183
247	234
247	477
247	186
247	85
247	153
247	189
247	322
247	481
247	191
247	386
247	86
247	87
247	14
247	442
247	290
247	465
247	194
247	124
247	90
247	126
247	486
247	127
247	487
247	93
247	53
247	414
247	246
247	21
247	247
247	330
247	167
247	94
247	26
247	28
247	96
247	31
247	252
247	300
247	301
247	172
247	64
247	495
247	173
247	99
247	282
247	174
247	220
247	146
247	36
248	103
249	64
249	321
250	178
250	80
250	483
251	186
251	51
251	182
251	325
252	176
252	454
252	70
252	104
252	1
252	371
252	260
252	108
252	403
252	263
252	151
252	152
252	265
252	232
252	407
252	6
252	182
252	82
252	318
252	237
252	187
252	383
252	240
252	385
252	322
252	46
252	120
252	121
252	442
252	87
252	466
252	124
252	161
252	486
252	199
252	55
252	167
252	58
252	366
252	297
252	132
252	419
252	252
252	64
252	98
252	280
252	304
252	426
252	281
252	218
252	340
252	400
252	146
252	145
252	309
253	104
253	127
253	85
253	64
253	240
253	190
253	122
254	254
256	167
257	388
257	88
258	64
258	93
259	68
259	104
259	371
259	227
259	110
259	232
259	383
259	120
259	466
259	93
259	392
259	168
259	297
259	31
259	252
259	171
259	172
259	282
259	146
259	145
260	145
260	486
260	252
260	426
260	297
260	309
261	12
261	395
261	77
262	8
262	346
262	477
262	127
262	371
262	300
262	301
262	267
262	64
262	240
262	152
262	298
263	66
263	371
263	108
263	151
263	264
263	179
263	181
263	407
263	183
263	187
263	240
263	482
263	87
263	413
263	357
263	124
263	466
263	90
263	127
263	246
263	247
263	167
263	297
263	26
263	252
263	172
263	338
263	281
263	139
263	282
263	218
263	340
264	466
264	104
264	127
264	45
264	172
264	263
264	406
264	290
264	122
265	66
265	345
265	454
265	371
265	1
265	108
265	110
265	265
265	458
265	232
265	183
265	45
265	322
265	482
265	120
265	87
265	413
265	51
265	90
265	244
265	246
265	247
265	167
265	208
265	297
265	252
265	281
265	282
265	452
265	141
265	400
266	477
266	346
266	266
266	32
266	199
266	455
266	280
266	425
266	99
266	385
266	283
266	230
266	180
266	465
266	270
266	122
268	366
268	37
269	31
269	198
269	441
269	93
270	283
272	41
272	477
272	69
272	267
272	455
272	174
272	297
274	56
275	344
275	346
275	347
275	454
275	225
275	103
275	1
275	152
275	113
275	7
275	8
275	318
275	187
275	85
275	240
275	441
275	385
275	190
275	191
275	87
275	192
275	290
275	158
275	291
275	197
275	199
275	165
275	246
275	56
275	129
275	167
275	298
275	31
275	62
275	252
275	275
275	300
275	64
275	281
275	174
276	1
276	181
276	45
277	173
278	173
280	66
280	346
280	454
280	70
280	371
280	1
280	110
280	180
280	79
280	113
280	477
280	266
280	118
280	85
280	187
280	45
280	240
280	441
280	190
280	482
280	120
280	465
280	87
280	290
280	124
280	90
280	127
280	390
280	56
280	167
280	331
280	366
280	297
280	274
280	96
280	252
280	275
280	64
280	280
280	281
280	99
280	282
280	174
280	141
280	400
280	145
281	403
281	151
281	152
281	400
281	405
281	7
281	8
281	153
281	12
281	14
281	289
281	158
281	290
281	164
281	165
281	166
281	28
281	31
281	300
281	301
281	172
281	173
281	304
281	174
281	34
281	427
281	307
281	309
281	176
281	178
281	40
281	182
281	187
281	441
281	191
281	442
281	194
281	51
281	325
281	198
281	53
281	56
281	204
281	331
281	61
281	62
281	64
281	214
281	339
281	65
281	66
281	224
281	68
281	346
281	70
281	227
281	228
281	455
281	232
281	459
281	351
281	78
281	79
281	80
281	234
281	84
281	85
281	463
281	240
281	86
281	87
281	357
281	466
281	92
281	93
281	246
281	366
281	252
281	104
281	371
281	108
281	372
281	110
281	263
281	264
281	265
281	113
281	266
281	383
281	481
281	121
281	124
281	126
281	487
281	392
281	275
281	395
281	280
281	281
281	141
281	284
281	146
281	145
282	152
282	407
282	7
282	8
282	409
282	290
282	413
282	163
282	164
282	165
282	166
282	418
282	297
282	419
282	300
282	171
282	33
282	301
282	174
282	427
282	309
282	37
282	181
282	40
282	42
282	182
282	183
282	322
282	442
282	446
282	53
282	56
282	58
282	61
282	64
282	339
282	65
282	66
282	346
282	68
282	347
282	454
282	70
282	227
282	232
282	351
282	234
282	82
282	84
282	85
282	240
282	465
282	87
282	357
282	90
282	246
282	366
282	96
282	103
282	259
282	104
282	107
282	371
282	110
282	263
282	265
282	380
282	267
282	385
282	386
282	121
282	124
282	126
282	487
282	127
282	390
282	392
282	132
282	395
282	280
282	281
282	139
282	282
282	141
282	400
282	145
283	224
283	347
283	178
283	434
283	266
283	236
283	153
283	270
283	89
283	194
283	199
283	164
283	166
283	491
283	298
283	471
283	61
283	32
283	283
284	210
284	126
284	284
284	299
284	108
284	64
284	76
284	281
284	304
284	46
284	282
284	152
284	86
284	219
285	103
285	36
285	31
285	165
285	173
285	99
285	386
285	86
285	285
285	122
285	298
286	82
286	236
286	90
286	486
286	153
286	33
286	14
286	286
286	208
288	103
289	471
289	80
289	477
289	69
289	103
289	311
289	199
289	300
289	455
289	64
289	360
289	321
289	99
289	483
289	204
289	289
289	351
289	193
290	346
290	69
290	103
290	145
290	104
290	371
290	1
290	454
290	108
290	110
290	151
290	152
290	230
290	285
290	80
290	7
290	8
290	113
290	117
290	118
290	185
290	84
290	318
290	85
290	45
290	240
290	385
290	481
290	190
290	386
290	120
290	87
290	192
290	241
290	290
290	122
290	355
290	127
290	199
290	93
290	165
290	166
290	246
290	330
290	247
290	167
290	58
290	297
290	298
290	96
290	31
290	62
290	252
290	275
290	300
290	33
290	64
290	173
290	280
290	99
290	281
290	451
290	174
290	400
290	36
291	477
291	454
291	347
291	103
291	62
291	187
291	267
291	64
291	321
291	385
291	386
291	174
291	351
291	291
292	37
292	414
293	407
293	293
293	414
293	187
293	190
293	34
293	297
293	442
293	241
293	26
294	96
294	126
294	86
294	383
294	21
294	247
294	304
294	152
294	469
294	442
295	284
295	145
296	346
296	466
296	103
296	126
296	104
296	96
296	214
296	21
296	481
296	152
296	465
296	285
296	207
297	66
297	454
297	347
297	259
297	70
297	104
297	371
297	227
297	427
297	108
297	229
297	110
297	151
297	152
297	263
297	232
297	265
297	407
297	80
297	7
297	234
297	477
297	236
297	380
297	84
297	85
297	218
297	240
297	385
297	322
297	190
297	46
297	191
297	120
297	386
297	290
297	194
297	413
297	124
297	325
297	126
297	293
297	127
297	162
297	486
297	53
297	166
297	246
297	21
297	56
297	167
297	204
297	58
297	366
297	208
297	297
297	471
297	252
297	64
297	214
297	99
297	139
297	282
297	174
297	65
297	304
297	400
297	145
297	309
298	346
298	68
298	347
298	69
298	71
298	2
298	262
298	178
298	285
298	113
298	477
298	183
298	236
298	438
298	267
298	385
298	481
298	386
298	388
298	158
298	290
298	122
298	197
298	198
298	199
298	164
298	165
298	166
298	93
298	298
298	471
298	61
298	31
298	275
298	423
298	173
298	99
298	174
298	283
298	307
299	64
299	284
300	419
300	103
300	275
300	165
300	300
300	246
300	247
300	167
300	289
300	79
301	357
301	318
301	118
301	108
301	262
301	187
301	267
301	300
301	301
301	385
301	247
301	190
301	282
301	218
301	428
301	87
301	146
301	145
302	6
302	173
302	182
302	426
304	102
304	346
304	454
304	70
304	407
304	78
304	234
304	42
304	182
304	82
304	183
304	382
304	385
304	482
304	121
304	14
304	442
304	87
304	127
304	246
304	330
304	167
304	58
304	297
304	252
304	173
304	281
304	304
304	284
304	145
305	351
306	133
306	481
306	290
306	36
307	194
307	163
307	348
307	312
307	45
307	385
307	281
307	190
307	204
307	307
307	298
308	159
309	108
309	264
309	82
309	318
309	187
309	240
309	120
309	442
309	87
309	486
309	127
309	53
309	246
309	392
309	167
309	58
309	297
309	252
309	33
309	64
309	281
309	282
309	340
309	146
309	145
310	201
311	455
311	64
311	481
311	99
311	289
311	220
311	290
311	36
312	77
312	307
313	198
313	1
313	313
313	385
313	190
313	122
314	395
314	97
314	145
316	182
317	1
317	187
317	45
317	190
317	122
318	66
318	70
318	104
318	108
318	178
318	152
318	405
318	182
318	85
318	383
318	240
318	385
318	322
318	482
318	158
318	290
318	357
318	126
318	164
318	166
318	330
318	97
318	31
318	252
318	395
318	301
318	33
318	36
318	309
319	244
319	28
319	334
320	31
320	198
320	441
320	99
321	81
321	477
321	195
321	347
321	448
321	249
321	93
321	455
321	64
321	267
321	240
321	99
321	289
321	470
321	499
321	291
322	66
322	454
322	371
322	108
322	178
322	265
322	232
322	234
322	7
322	8
322	183
322	380
322	318
322	184
322	187
322	322
322	120
322	87
322	357
322	127
322	53
322	246
322	247
322	297
322	252
322	139
322	282
322	100
322	145
322	309
323	40
323	395
323	77
323	110
324	351
325	325
325	167
325	251
325	127
325	186
325	204
325	187
325	366
325	246
325	373
325	281
325	143
325	482
325	427
325	241
325	208
325	297
326	96
326	351
327	182
328	220
330	102
330	182
330	10
330	82
330	116
330	184
330	118
330	388
330	121
330	87
330	290
330	122
330	56
330	330
330	167
330	31
330	33
330	281
330	304
330	65
330	145
331	1
331	228
331	5
331	405
331	84
331	240
331	385
331	482
331	465
331	156
331	486
331	165
331	53
331	129
331	167
331	331
331	275
331	280
331	428
334	28
334	51
334	334
334	244
334	118
334	417
334	75
334	122
335	465
335	346
335	103
336	336
336	107
336	366
336	209
337	151
338	371
338	407
338	183
338	84
338	322
338	190
338	482
338	155
338	386
338	121
338	357
338	90
338	486
338	487
338	246
338	208
338	214
338	450
338	338
338	141
339	1
339	108
339	151
339	407
339	187
339	385
339	322
339	46
339	87
339	443
339	124
339	90
339	486
339	127
339	246
339	167
339	26
339	297
339	31
339	252
339	338
339	281
339	282
339	218
339	143
339	146
340	79
340	104
340	252
340	172
340	309
341	1
343	40
343	110
344	344
344	182
344	347
344	93
344	187
344	64
344	258
344	291
345	194
345	7
345	8
345	224
345	187
345	45
345	190
345	265
345	86
346	346
346	454
346	103
346	349
346	407
346	234
346	7
346	8
346	266
346	436
346	118
346	84
346	85
346	240
346	385
346	441
346	190
346	155
346	465
346	87
346	290
346	122
346	124
346	127
346	53
346	165
346	391
346	246
346	247
346	296
346	298
346	96
346	335
346	275
346	64
346	280
346	281
346	282
346	174
346	218
347	68
347	347
347	103
347	402
347	455
347	232
347	459
347	405
347	351
347	41
347	477
347	236
347	184
347	187
347	45
347	267
347	384
347	240
347	321
347	386
347	289
347	290
347	291
347	199
347	93
347	246
347	204
347	297
347	298
347	471
347	96
347	62
347	275
347	64
347	281
347	99
347	174
348	307
350	12
351	223
351	224
351	68
351	347
351	1
351	455
351	72
351	74
351	231
351	435
351	377
351	351
351	41
351	408
351	477
351	409
351	187
351	45
351	267
351	188
351	240
351	321
351	385
351	190
351	324
351	289
351	355
351	122
351	291
351	123
351	467
351	52
351	326
351	16
351	197
351	247
351	362
351	167
351	204
351	95
351	418
351	26
351	471
351	96
351	368
351	174
351	31
351	473
351	449
351	63
351	64
351	138
351	397
351	281
351	99
351	305
351	220
352	459
353	353
353	64
353	240
353	58
353	366
354	61
354	236
354	164
354	166
354	64
354	99
355	213
355	455
355	64
355	240
355	290
355	99
355	400
355	351
356	356
356	385
356	184
357	66
357	371
357	108
357	263
357	407
357	183
357	82
357	318
357	187
357	498
357	322
357	482
357	46
357	87
357	413
357	357
357	466
357	90
357	124
357	487
357	127
357	246
357	330
357	247
357	167
357	96
357	97
357	301
357	172
357	338
357	281
357	139
357	282
357	427
357	146
357	145
358	64
358	454
358	85
358	220
359	51
360	471
360	80
360	236
360	36
360	186
360	199
360	71
360	360
360	64
360	214
360	204
360	289
360	219
360	405
360	407
361	120
363	395
363	171
363	110
363	363
363	40
365	204
366	454
366	104
366	371
366	1
366	227
366	108
366	110
366	180
366	232
366	407
366	7
366	118
366	85
366	12
366	240
366	482
366	268
366	325
366	124
366	127
366	163
366	246
366	167
366	209
366	297
366	336
366	171
366	64
366	216
366	282
366	218
366	141
366	400
366	145
368	351
369	179
370	477
370	204
371	284
371	1
371	151
371	152
371	407
371	7
371	8
371	290
371	21
371	167
371	297
371	419
371	31
371	174
371	309
371	181
371	182
371	183
371	436
371	318
371	187
371	441
371	322
371	190
371	46
371	442
371	325
371	53
371	204
371	58
371	208
371	64
371	338
371	66
371	454
371	70
371	227
371	232
371	76
371	459
371	78
371	85
371	240
371	86
371	87
371	355
371	465
371	90
371	246
371	366
371	252
371	98
371	99
371	259
371	104
371	371
371	108
371	110
371	263
371	265
371	113
371	380
371	267
371	385
371	482
371	386
371	120
371	121
371	124
371	126
371	127
371	129
371	280
371	281
371	139
371	282
371	141
371	400
371	145
372	1
372	227
372	372
372	110
372	265
372	180
372	77
372	40
372	463
372	45
372	12
372	413
372	51
372	244
372	468
372	363
372	28
372	334
372	395
372	281
372	141
373	325
373	186
373	1
373	373
373	482
373	143
373	208
373	407
376	28
376	87
376	227
376	168
377	351
378	477
378	267
379	379
379	466
379	414
379	426
379	263
379	155
381	145
382	183
382	102
382	317
382	82
382	466
382	58
382	252
382	382
382	85
382	33
382	64
382	330
382	304
382	482
382	426
382	121
382	14
382	297
383	82
383	151
383	90
383	486
383	70
383	318
383	252
383	53
383	240
383	385
383	322
383	426
383	264
383	442
383	146
383	145
384	471
384	347
385	146
385	346
385	454
385	104
385	433
385	1
385	227
385	37
385	107
385	403
385	313
385	110
385	459
385	76
385	351
385	407
385	7
385	8
385	477
385	266
385	118
385	187
385	85
385	383
385	441
385	190
385	482
385	86
385	442
385	290
385	122
385	194
385	356
385	124
385	126
385	244
385	127
385	93
385	166
385	246
385	329
385	331
385	469
385	297
385	96
385	252
385	275
385	395
385	300
385	171
385	172
385	301
385	215
385	173
385	339
385	304
385	99
385	282
385	174
385	65
385	498
385	145
387	27
387	227
387	395
387	110
387	77
387	40
388	257
389	82
390	346
390	70
390	85
390	403
390	280
390	110
390	400
391	346
391	103
391	145
392	175
392	259
392	182
392	236
392	117
392	187
392	45
392	385
392	121
392	442
392	122
392	486
392	55
392	392
392	23
392	61
392	33
392	281
392	282
392	475
392	309
393	227
393	395
393	374
393	393
393	77
394	65
394	395
395	1
395	227
395	261
395	372
395	110
395	77
395	40
395	318
395	118
395	187
395	463
395	45
395	12
395	240
395	323
395	387
395	413
395	244
395	246
395	363
395	366
395	28
395	394
395	97
395	395
395	171
395	281
395	141
395	146
395	145
397	94
397	351
397	386
398	379
398	155
400	454
400	70
400	107
400	371
400	227
400	108
400	178
400	229
400	110
400	265
400	232
400	9
400	436
400	318
400	118
400	85
400	240
400	322
400	46
400	355
400	290
400	124
400	487
400	127
400	390
400	165
400	295
400	167
400	58
400	366
400	297
400	252
400	171
400	64
400	280
400	281
400	139
400	282
400	496
400	218
400	400
400	145
402	347
403	356
403	252
403	403
403	33
403	246
403	281
403	339
403	482
403	385
403	400
403	122
404	113
404	405
404	116
405	68
405	347
405	104
405	1
405	152
405	459
405	404
405	460
405	405
405	351
405	113
405	7
405	8
405	462
405	85
405	240
405	165
405	360
405	331
405	366
405	60
405	64
405	174
405	220
406	414
406	264
407	66
407	346
407	454
407	104
407	371
407	1
407	108
407	229
407	263
407	35
407	151
407	152
407	111
407	407
407	183
407	380
407	184
407	84
407	187
407	45
407	240
407	385
407	322
407	190
407	46
407	191
407	121
407	87
407	241
407	290
407	124
407	293
407	127
407	163
407	487
407	165
407	53
407	201
407	246
407	167
407	26
407	297
407	30
407	252
407	64
407	338
407	304
407	139
407	282
407	427
407	145
408	178
408	351
409	62
409	351
409	282
410	388
410	477
411	214
411	28
413	106
413	227
413	108
413	372
413	110
413	265
413	77
413	40
413	183
413	380
413	187
413	45
413	12
413	240
413	87
413	413
413	51
413	90
413	124
413	127
413	246
413	363
413	167
413	205
413	168
413	366
413	297
413	450
413	281
413	282
413	218
413	141
414	293
414	406
414	292
414	145
415	466
415	172
416	201
418	31
418	121
418	351
418	282
419	454
419	104
419	1
419	232
419	79
419	235
419	184
419	187
419	240
419	190
419	482
419	120
419	87
419	122
419	124
419	487
419	127
419	167
419	419
419	252
419	300
419	214
419	282
419	428
419	340
419	145
420	254
420	26
421	392
422	56
422	421
423	65
423	236
423	298
424	421
424	16
424	53
424	424
424	392
424	339
424	281
424	217
424	204
425	465
425	266
425	414
426	442
426	102
426	82
426	96
426	486
426	293
426	260
426	252
426	383
426	302
426	173
426	385
426	482
426	129
426	120
426	121
426	232
427	66
427	183
427	325
427	90
427	407
427	380
427	124
427	163
427	186
427	127
427	281
427	139
427	46
427	427
427	110
427	282
427	208
427	297
428	191
428	301
429	145
430	401
431	173
433	385
434	283
435	351
436	182
436	346
436	82
436	104
436	371
436	31
436	172
436	99
436	58
436	146
436	145
437	103
438	31
438	198
438	201
438	386
438	298
439	99
441	346
441	103
441	232
441	477
441	187
441	320
441	240
441	441
441	269
441	88
441	290
441	122
441	486
441	96
441	31
441	64
441	280
441	281
441	174
442	182
442	82
442	117
442	383
442	267
442	482
442	121
442	87
442	442
442	486
442	17
442	294
442	55
442	330
442	247
442	392
442	129
442	58
442	23
442	252
442	33
442	426
442	146
442	145
442	309
443	444
444	7
444	336
444	166
444	267
444	178
444	330
444	386
444	483
444	180
444	340
445	243
445	486
446	56
446	282
446	424
447	31
448	64
448	321
449	64
449	351
449	477
449	347
450	413
450	124
450	90
450	227
450	108
450	171
450	450
450	20
450	338
450	425
450	246
450	190
450	110
450	167
450	77
450	40
453	64
454	454
454	70
454	371
454	104
454	108
454	265
454	40
454	9
454	85
454	240
454	322
454	46
454	87
454	290
454	194
454	124
454	358
454	127
454	390
454	167
454	58
454	419
454	252
454	275
454	213
454	280
454	282
454	174
454	65
455	347
455	69
455	311
455	455
455	313
455	351
455	234
455	408
455	477
455	187
455	321
455	289
455	122
455	272
455	199
455	93
455	247
455	204
455	471
455	64
455	281
455	99
456	228
457	244
457	1
457	44
457	45
457	457
457	157
458	265
459	454
459	347
459	70
459	178
459	459
459	405
459	352
459	80
459	462
459	240
459	385
459	482
459	483
459	241
459	290
459	194
459	197
459	164
459	166
459	58
459	252
459	64
459	281
459	282
462	113
462	477
462	64
462	178
462	99
462	459
462	405
463	51
463	53
463	45
463	372
463	281
463	77
463	40
464	201
465	346
465	69
465	103
465	1
465	108
465	228
465	180
465	477
465	82
465	266
465	84
465	85
465	45
465	11
465	190
465	86
465	87
465	465
465	56
465	247
465	296
465	204
465	58
465	331
465	96
465	335
465	495
465	280
465	425
466	66
466	176
466	259
466	104
466	263
466	230
466	179
466	152
466	264
466	76
466	7
466	182
466	82
466	379
466	187
466	45
466	239
466	190
466	357
466	466
466	124
466	126
466	414
466	415
466	17
466	296
466	252
466	301
466	33
466	172
466	137
466	173
466	98
466	498
467	351
468	372
469	58
469	126
469	187
469	21
469	152
469	86
469	469
469	76
471	347
471	103
471	455
471	351
471	477
471	187
471	45
471	190
471	156
471	289
471	122
471	199
471	360
471	19
471	204
471	298
471	471
471	96
471	255
471	64
471	99
471	283
471	430
472	64
473	351
474	126
474	414
474	174
475	64
475	392
475	405
477	454
477	68
477	69
477	103
477	347
477	370
477	1
477	262
477	455
477	351
477	41
477	80
477	378
477	477
477	266
477	462
477	118
477	410
477	267
477	240
477	321
477	385
477	190
477	191
477	324
477	441
477	465
477	289
477	483
477	290
477	122
477	291
477	124
477	195
477	272
477	467
477	197
477	127
477	198
477	199
477	93
477	360
477	247
477	167
477	204
477	26
477	297
477	298
477	471
477	448
477	31
477	449
477	33
477	64
477	280
477	281
477	99
477	174
477	499
478	145
479	190
480	87
480	85
481	113
481	69
481	311
481	197
481	118
481	300
481	165
481	187
481	247
481	190
481	191
481	99
481	428
481	481
481	156
481	192
481	306
481	290
482	102
482	347
482	103
482	104
482	227
482	403
482	313
482	373
482	229
482	110
482	265
482	40
482	407
482	80
482	7
482	8
482	380
482	318
482	118
482	240
482	385
482	482
482	357
482	325
482	487
482	166
482	246
482	331
482	28
482	97
482	338
482	280
482	304
482	145
483	194
483	80
483	198
483	178
483	99
485	173
486	102
486	371
486	109
486	152
486	76
486	234
486	7
486	8
486	82
486	182
486	441
486	121
486	442
486	122
486	445
486	126
486	129
486	297
486	252
486	173
486	145
486	309
487	66
487	454
487	104
487	371
487	108
487	232
487	407
487	183
487	184
487	85
487	187
487	482
487	46
487	120
487	87
487	290
487	357
487	124
487	127
487	53
487	246
487	247
487	167
487	366
487	26
487	419
487	338
487	281
487	282
487	218
487	141
487	400
487	145
488	77
489	88
490	7
490	8
491	236
491	164
491	166
491	201
491	283
492	217
492	424
493	97
493	145
495	465
495	247
497	77
498	357
498	407
498	187
498	300
498	172
498	191
498	180
498	498
498	145
499	321
499	477
