275	351
330	307
385	85
87	167
291	459
133	400
197	459
118	477
225	290
103	64
290	58
298	167
249	282
45	1
174	183
82	108
228	86
199	145
146	31
64	347
283	263
182	164
366	84
8	281
234	366
1	442
325	247
344	385
8	427
473	482
413	110
181	298
322	110
108	69
297	482
56	145
281	155
284	234
337	66
244	240
346	465
217	351
204	275
445	252
419	304
198	145
397	127
110	465
121	197
41	247
309	103
351	166
266	186
232	482
209	199
110	104
284	180
194	31
281	304
413	77
99	213
436	127
258	70
285	407
372	16
85	56
290	180
183	114
307	183
216	281
240	403
230	204
86	198
82	252
187	304
21	338
498	386
338	167
177	419
104	87
110	167
183	107
167	481
247	86
487	6
465	295
36	104
247	173
70	155
413	127
64	171
45	120
86	452
407	276
51	104
487	304
213	338
371	344
64	187
241	84
1	404
146	78
151	124
107	42
240	80
229	181
413	466
189	227
184	71
87	99
184	301
62	141
444	351
187	385
230	84
236	290
191	284
86	163
173	167
90	465
204	198
252	139
346	187
146	281
82	31
85	344
45	104
103	145
80	127
240	336
86	297
490	338
449	385
355	82
197	85
190	240
248	85
385	420
281	49
385	265
282	157
82	182
104	371
297	12
129	145
191	454
346	441
62	443
394	325
51	357
167	203
241	122
293	198
407	405
282	63
372	388
404	275
282	167
313	229
167	311
302	64
493	174
55	21
70	382
199	139
382	290
252	87
118	179
393	234
357	346
187	96
191	318
45	87
282	371
99	346
366	132
385	236
224	199
85	167
146	414
400	247
127	228
366	227
441	454
357	240
233	372
282	397
111	173
379	45
49	258
219	183
84	407
184	33
281	293
127	460
66	152
167	26
1	127
294	230
275	283
322	126
145	450
264	120
121	498
407	187
173	108
192	120
339	246
146	234
290	117
459	85
346	280
64	38
118	110
382	84
275	56
288	31
297	166
124	158
244	280
281	113
304	413
172	190
56	383
292	263
425	304
1	346
407	182
156	167
371	200
309	345
189	302
146	246
373	246
121	382
265	427
339	312
351	64
85	1
252	166
187	465
84	477
70	33
426	442
172	252
385	14
304	176
459	77
121	108
383	156
266	166
90	357
371	322
209	94
285	33
167	38
87	322
174	475
275	281
118	351
224	232
197	240
184	407
118	129
6	263
68	79
436	61
281	282
260	247
194	86
360	182
281	441
77	9
371	236
234	460
82	486
163	183
194	266
233	164
131	351
112	351
232	349
187	247
309	465
323	8
225	152
166	96
56	190
191	260
122	218
218	419
240	124
122	312
338	120
7	96
82	87
240	400
246	386
373	413
82	351
320	469
174	145
1	385
96	482
199	187
186	234
64	26
265	229
145	139
281	199
477	375
372	330
466	187
379	2
366	82
236	322
173	246
454	82
351	290
36	62
346	58
281	190
466	45
207	187
1	121
477	346
328	290
444	58
27	477
93	61
297	465
113	103
298	477
126	481
232	46
423	187
151	107
104	307
247	122
103	227
486	484
173	224
281	217
363	110
129	371
76	129
281	122
129	322
155	85
454	441
87	240
108	113
69	236
240	372
53	183
117	63
1	407
118	165
346	167
172	322
347	471
124	8
282	236
290	291
64	321
290	90
66	167
409	167
122	313
234	418
184	220
290	26
427	429
84	347
486	459
281	127
246	51
121	173
104	45
46	77
372	124
182	108
99	471
347	108
7	25
384	45
298	454
357	33
266	17
181	414
298	252
477	248
66	31
371	284
318	291
455	40
113	187
280	127
208	240
263	395
183	182
96	199
291	218
182	87
400	281
298	275
486	7
246	127
45	86
282	467
93	120
234	103
174	168
191	30
49	263
265	340
297	40
26	498
127	65
114	58
182	173
209	322
87	57
405	165
334	227
45	393
290	383
228	407
247	106
239	198
175	282
66	244
158	395
181	363
407	77
42	1
70	118
187	427
413	139
152	477
357	198
252	36
20	297
339	240
403	232
282	263
234	318
181	124
174	96
347	385
477	404
104	167
8	459
191	265
167	45
355	281
280	281
414	195
385	167
236	247
204	351
481	407
195	330
297	64
266	255
194	338
187	232
3	151
40	145
31	51
436	353
265	371
419	466
56	99
8	79
14	246
199	454
186	99
434	190
234	227
66	82
126	330
70	76
284	407
395	385
233	357
227	156
425	346
40	347
290	178
300	486
124	12
351	99
413	141
124	141
477	87
111	121
459	187
281	254
64	122
199	78
76	97
293	141
1	372
46	127
45	145
124	51
14	487
40	487
291	7
282	98
99	176
184	486
132	240
192	51
44	77
182	199
80	7
330	267
441	499
167	347
118	82
103	229
395	296
82	280
450	178
146	1
66	371
438	282
108	90
99	267
487	45
1	93
477	180
68	118
66	85
113	247
187	414
143	283
127	246
497	127
121	327
69	182
465	152
118	386
227	87
236	282
306	454
49	87
141	285
87	252
232	90
62	84
83	70
31	78
282	486
45	84
166	454
385	153
167	263
252	372
122	454
351	360
56	207
167	42
64	88
108	400
372	61
487	69
1	462
244	481
167	338
298	120
122	103
240	84
230	113
321	236
294	199
103	165
80	181
199	103
76	152
121	199
64	124
174	82
275	76
240	77
126	405
87	405
127	64
45	371
133	237
64	218
410	298
171	282
166	204
290	281
174	282
246	26
165	469
371	290
120	1
229	240
281	252
347	121
284	12
197	79
184	180
260	78
127	209
178	26
275	442
166	31
294	427
405	466
427	182
244	283
183	433
291	400
122	240
53	487
77	275
284	172
448	53
174	175
246	481
96	5
246	110
167	64
87	23
241	65
318	21
234	321
154	413
419	186
86	55
171	141
77	96
99	189
322	103
236	1
99	31
487	40
110	487
110	31
31	263
104	400
283	477
285	275
107	280
121	31
8	110
392	442
121	321
145	31
346	419
219	62
85	246
64	400
156	1
357	309
275	167
466	240
86	240
97	283
24	282
353	301
202	300
289	385
262	64
275	483
87	152
419	179
62	498
466	145
82	413
76	386
240	110
204	87
85	454
284	395
351	189
318	56
321	70
290	190
475	395
419	127
104	157
103	146
281	247
477	145
7	77
272	42
46	122
108	127
450	104
297	31
283	102
113	232
84	351
146	66
311	145
176	168
127	146
99	427
127	247
282	232
118	230
413	21
85	219
286	34
122	141
247	247
120	91
80	413
225	153
8	28
395	120
70	462
477	80
120	7
121	330
118	1
246	330
158	33
383	207
244	351
311	21
236	395
372	274
139	400
407	122
6	204
240	103
171	371
204	99
99	99
165	174
466	84
214	213
407	467
304	407
247	487
148	482
172	65
275	174
68	379
281	330
103	297
14	76
240	227
129	359
171	198
17	99
171	297
197	82
306	8
263	427
76	392
330	108
346	331
64	12
53	289
318	267
318	282
191	33
204	21
45	172
182	153
301	315
282	280
313	66
371	8
265	11
145	108
113	79
174	465
346	104
120	318
26	136
40	181
454	21
1	486
49	122
31	301
392	108
407	263
371	191
391	58
164	236
462	31
280	233
304	28
76	31
436	252
355	49
297	498
46	385
247	246
108	7
252	338
240	246
66	77
263	346
129	118
204	355
14	392
172	180
372	259
122	110
289	252
64	393
465	70
8	346
68	240
14	103
111	469
44	174
64	90
252	110
298	244
21	124
247	99
339	84
201	139
231	331
293	426
465	471
31	61
99	400
400	8
357	187
385	93
64	407
120	267
293	191
139	92
204	346
8	38
194	400
122	297
1	139
290	16
246	87
190	64
113	165
240	167
187	407
87	380
297	318
103	347
334	244
177	118
184	14
406	381
289	163
126	108
240	66
110	386
7	471
103	190
99	261
120	118
31	339
477	110
321	371
466	227
151	244
96	51
292	278
290	1
426	120
227	417
454	286
244	301
347	49
118	208
240	108
486	313
46	339
323	450
111	318
103	181
220	450
355	37
252	282
181	423
82	218
292	8
85	190
163	237
64	206
313	7
465	392
400	139
297	407
293	82
371	252
145	171
240	247
475	482
47	7
395	85
281	371
191	199
168	285
107	240
127	199
110	297
16	46
246	335
346	346
383	51
477	280
372	104
99	442
346	182
145	275
296	297
152	454
53	113
405	86
229	433
64	64
127	244
145	247
275	121
407	209
127	371
31	346
82	206
346	90
405	357
141	127
357	90
463	379
309	281
290	284
230	407
106	450
187	482
385	141
281	291
152	240
331	126
93	190
183	64
459	1
379	448
163	167
240	104
405	322
173	371
297	309
263	23
124	45
1	466
41	164
165	145
66	267
122	7
246	174
400	46
385	419
21	326
236	14
232	104
102	146
70	126
158	275
228	45
321	477
53	204
487	77
187	325
46	304
183	104
192	486
281	180
247	46
214	76
234	120
385	233
275	224
246	304
482	219
7	442
53	60
141	483
240	151
99	289
475	166
282	16
167	294
31	232
371	289
457	152
53	108
407	69
139	181
45	220
187	471
371	331
82	151
466	454
481	300
366	204
182	281
121	362
322	393
108	55
314	180
46	129
241	167
187	486
351	247
265	352
14	351
236	33
297	62
459	53
410	167
371	86
482	483
172	84
487	48
104	351
165	167
187	234
163	164
441	347
197	93
419	409
280	70
272	166
286	298
318	293
283	66
247	152
217	199
198	383
187	94
173	21
182	331
450	234
62	247
27	26
444	466
220	113
120	192
244	31
413	253
181	465
174	255
93	290
247	113
146	33
290	234
405	290
110	380
220	454
304	379
304	387
450	455
118	246
284	282
471	108
85	282
87	28
99	322
141	459
284	127
110	392
247	459
45	246
407	382
366	145
339	102
127	293
322	152
64	339
152	469
151	66
281	86
145	93
172	407
393	481
97	371
194	127
246	413
86	322
187	259
471	357
64	232
466	385
351	351
357	209
103	395
118	36
145	246
385	224
462	61
385	117
82	407
138	289
66	165
208	234
347	119
477	182
199	7
385	366
208	318
118	51
181	79
34	145
436	146
145	1
141	1
282	322
365	284
405	120
86	66
199	325
103	475
366	88
304	1
184	483
371	55
281	121
441	471
57	234
96	87
111	463
46	380
282	482
77	167
346	113
347	174
203	167
84	82
64	87
259	309
347	322
1	65
351	77
45	53
395	66
198	220
187	261
297	127
141	259
108	145
166	392
76	99
70	129
53	281
346	486
79	58
246	145
477	475
190	236
419	145
309	403
471	300
275	220
209	58
145	346
96	26
384	65
118	146
87	457
282	357
395	454
145	141
106	204
346	363
326	244
118	383
87	139
190	290
246	118
46	203
407	298
263	282
317	345
122	487
124	54
282	382
66	26
459	229
1	82
40	187
331	413
86	8
351	486
77	165
152	290
204	442
325	110
198	199
400	213
45	99
198	263
93	204
229	164
183	85
466	121
152	198
145	297
357	338
246	66
290	82
345	197
307	451
304	265
145	244
420	252
283	168
126	26
247	267
103	93
145	323
246	133
229	454
184	269
284	104
454	471
487	79
282	145
146	45
53	76
384	246
40	41
187	436
141	168
318	64
129	284
199	165
107	61
173	322
454	259
99	280
108	297
173	146
304	451
187	99
477	289
183	289
187	178
346	218
87	346
459	66
166	224
426	152
51	174
146	407
117	281
441	339
263	414
126	96
31	495
208	145
84	93
174	110
351	165
126	53
96	155
400	382
187	366
190	454
281	318
186	466
307	471
187	74
68	304
126	167
371	124
132	84
384	108
325	145
325	155
247	251
99	173
280	423
372	110
21	483
187	282
173	47
465	246
104	297
204	325
477	104
66	482
187	363
199	176
99	111
307	151
40	331
28	82
403	247
481	262
318	124
79	50
68	182
78	213
87	190
247	241
108	325
471	58
347	380
146	230
485	260
145	417
244	266
86	156
379	56
194	51
385	57
346	129
187	314
477	93
405	1
68	96
281	275
190	463
110	471
357	1
28	351
259	76
488	218
56	78
132	282
427	360
371	386
126	371
482	250
282	414
166	459
471	283
174	234
36	250
173	247
385	289
12	152
442	240
338	477
304	90
113	427
166	5
16	407
304	214
45	126
87	178
219	180
37	280
385	174
465	194
282	481
88	172
385	7
121	407
104	141
296	301
357	246
385	248
182	145
56	1
281	132
344	482
232	158
45	194
339	466
355	262
275	265
70	346
1	198
187	191
280	477
275	124
113	40
482	85
204	45
265	178
204	124
335	145
124	330
373	99
259	82
282	146
236	471
96	267
418	153
151	171
289	419
398	66
407	281
482	167
181	326
297	372
26	360
171	8
465	151
281	156
190	214
174	383
246	464
190	487
265	442
251	236
290	71
298	113
152	487
325	96
118	152
23	53
37	42
198	114
297	145
351	16
86	118
282	82
416	454
181	110
103	68
199	76
2	283
250	424
199	181
347	267
227	127
482	290
21	218
265	66
45	189
174	340
45	252
183	291
247	199
441	252
305	236
18	265
56	103
70	234
438	247
371	36
127	164
174	450
455	466
135	155
413	151
339	58
280	407
366	167
68	127
110	99
197	167
492	442
175	93
454	380
463	168
454	121
301	285
236	459
351	118
318	304
80	182
98	199
351	284
120	282
28	87
127	208
357	145
300	265
298	371
424	259
173	121
108	93
351	419
166	427
201	204
152	282
486	96
104	227
466	90
281	281
419	232
232	190
66	148
124	325
189	265
247	124
442	189
103	334
96	65
270	275
172	31
1	190
96	127
204	151
145	283
282	220
482	190
297	232
51	220
204	139
392	395
371	186
266	132
337	87
438	234
113	301
156	264
129	234
486	64
187	98
145	110
26	282
227	286
282	46
264	480
234	45
64	96
172	37
191	190
173	321
79	395
167	125
86	454
482	129
8	187
477	403
127	252
282	347
78	281
55	139
174	219
391	351
103	298
174	466
366	275
155	283
442	139
341	459
280	197
199	392
262	187
151	167
99	347
86	86
252	300
346	329
197	110
289	247
400	127
45	265
297	68
282	286
395	351
477	166
442	259
353	78
465	90
83	126
46	298
87	155
69	346
321	69
240	232
146	122
297	380
450	118
96	154
82	318
481	442
70	355
252	241
56	265
40	483
171	372
188	204
167	457
261	28
281	138
383	482
152	236
209	187
98	58
252	113
8	297
25	77
93	199
45	436
111	177
78	236
86	281
124	372
318	346
297	118
183	407
53	498
405	182
167	113
173	407
139	1
124	146
450	113
281	428
331	301
113	124
53	408
246	357
387	46
37	290
259	195
354	459
359	14
471	124
145	80
450	40
64	37
371	340
118	301
167	424
145	96
107	118
351	477
263	201
195	127
281	80
281	99
122	387
280	165
47	291
174	30
66	84
247	141
183	366
184	198
357	108
265	196
309	34
207	1
96	317
442	392
31	282
289	1
249	477
110	82
371	129
423	2
400	234
208	459
297	117
227	187
275	178
289	236
151	448
191	300
96	471
275	31
146	104
113	482
385	40
127	214
167	407
59	347
190	366
76	78
477	208
252	99
87	293
183	167
46	183
318	283
236	300
214	85
121	21
282	107
218	47
281	360
181	199
281	7
276	357
262	40
346	495
371	298
1	124
297	325
90	85
407	113
69	80
165	471
129	300
297	1
325	124
282	247
46	173
297	346
334	86
113	61
247	307
182	7
338	395
280	385
25	99
246	190
113	208
240	190
284	124
173	297
304	82
93	126
214	146
190	323
240	485
360	145
259	392
174	38
357	482
152	65
1	297
56	198
23	152
466	371
236	139
482	37
152	85
322	187
81	366
454	297
230	65
182	171
111	459
338	6
77	331
182	64
280	291
419	454
84	312
129	104
346	38
265	360
146	360
20	42
124	69
225	220
28	168
240	297
121	400
96	85
85	304
56	395
395	188
122	234
373	280
37	167
70	407
227	198
477	353
481	204
227	93
240	252
93	155
64	183
32	124
400	340
155	252
197	153
21	246
191	297
124	297
158	252
122	347
240	465
127	227
424	173
302	281
330	183
459	122
102	190
209	45
260	260
87	145
87	113
108	214
368	167
246	336
118	198
355	12
400	122
165	386
174	190
259	65
395	86
21	281
347	234
90	194
294	346
331	304
108	58
172	372
351	331
253	99
8	290
275	190
297	87
309	45
466	165
407	482
99	371
139	77
124	281
299	82
229	82
244	300
444	113
182	351
183	191
87	198
481	164
403	77
321	304
146	454
155	427
65	145
466	469
240	146
409	47
227	196
477	218
261	178
268	436
240	392
224	85
88	87
82	414
31	90
151	127
108	481
31	475
183	26
66	343
79	180
155	395
194	171
9	109
107	167
300	45
371	33
218	64
252	426
104	86
325	68
240	121
167	328
66	190
357	12
442	224
167	246
165	110
178	346
428	126
469	344
165	54
64	290
8	151
85	357
199	247
465	187
40	477
183	33
174	247
192	290
259	80
317	145
165	383
413	282
66	297
220	68
407	183
327	263
357	407
426	481
64	481
165	64
459	278
199	117
199	191
64	99
151	298
46	117
99	152
322	172
346	80
309	392
371	282
391	428
309	78
166	1
251	426
46	141
53	338
289	80
400	400
282	68
14	442
351	230
246	31
407	247
158	355
40	166
281	171
201	452
234	25
240	145
26	198
371	459
258	392
455	172
172	70
258	68
265	152
294	471
1	199
247	309
309	104
257	120
168	407
227	346
281	103
244	166
355	40
405	487
113	141
103	283
56	187
113	264
339	450
233	198
406	180
282	124
44	152
240	322
419	85
218	126
491	141
124	428
64	180
45	300
129	168
126	64
187	64
309	99
182	336
40	39
304	33
121	33
385	186
45	236
246	290
55	318
448	158
482	240
194	153
482	31
450	290
14	187
25	307
199	331
108	151
113	266
338	127
14	80
150	207
82	297
127	382
121	280
174	411
382	477
385	84
236	219
297	454
194	454
80	68
106	104
127	122
87	90
282	93
360	31
318	325
431	45
87	347
466	218
150	407
108	469
31	7
477	482
297	441
85	392
79	151
108	450
407	304
334	174
34	62
143	164
139	282
184	126
265	450
141	425
483	103
199	218
166	442
84	442
281	465
113	366
12	338
252	335
275	14
146	120
304	113
64	415
395	51
46	21
46	8
78	87
14	64
297	234
289	12
194	167
96	291
371	395
87	151
309	53
176	186
83	145
56	380
275	227
481	82
304	64
261	309
424	313
194	267
294	300
283	427
68	126
487	272
240	482
9	348
400	1
87	393
477	118
262	46
379	85
66	234
446	167
183	9
477	82
85	281
407	403
124	108
70	322
46	40
110	346
291	153
190	69
82	331
477	44
127	232
183	46
234	145
86	92
258	156
2	165
347	236
277	187
247	51
264	207
84	209
346	338
182	141
199	166
313	158
124	247
93	347
174	171
174	246
204	194
40	1
172	325
198	208
126	187
321	471
406	56
297	481
174	482
126	127
187	330
228	178
266	477
86	379
70	84
385	304
405	6
227	91
87	143
313	236
282	471
219	346
252	178
118	113
425	167
127	282
331	167
122	93
173	469
229	7
383	64
322	189
21	300
357	183
2	346
455	184
371	349
188	486
407	328
347	190
188	234
207	252
309	173
108	194
8	347
57	104
113	177
167	383
482	385
187	380
58	360
145	201
286	84
445	99
293	180
289	232
371	346
90	311
311	191
385	45
127	386
181	120
27	482
208	407
7	371
247	194
82	459
444	331
298	314
371	108
282	483
465	99
176	12
385	82
173	174
186	282
103	466
282	1
354	240
275	407
31	380
259	58
158	290
99	45
93	167
107	151
442	351
454	483
232	120
103	178
282	184
385	145
371	90
174	192
243	400
64	403
266	202
190	79
173	85
405	297
26	20
385	395
103	53
326	178
188	145
246	275
56	416
244	145
382	454
151	173
127	179
141	232
126	65
280	390
269	281
426	194
198	191
385	290
166	190
458	165
244	366
482	139
246	244
82	53
86	151
282	358
371	264
21	265
481	53
330	477
296	104
49	346
272	93
275	36
111	64
126	140
118	310
357	6
234	186
64	2
85	155
219	143
383	380
214	120
187	346
275	267
311	483
395	76
139	41
77	187
172	76
465	87
442	163
82	104
108	384
477	298
28	187
199	252
184	201
127	8
152	7
297	172
442	307
126	282
172	127
283	438
318	132
204	158
175	252
185	262
426	87
145	252
103	218
158	325
395	141
46	121
407	339
290	232
187	220
298	298
465	349
247	85
84	419
178	385
167	282
246	482
110	334
158	346
351	129
204	68
69	1
413	171
247	351
224	187
466	50
3	240
282	194
281	96
322	182
290	172
459	225
104	281
111	120
477	99
322	82
82	167
407	118
113	484
201	207
44	61
197	325
199	96
232	275
53	267
187	45
351	124
187	103
187	109
301	167
184	97
247	2
407	282
318	170
187	290
156	198
66	79
301	190
338	198
158	108
118	326
104	197
174	8
244	172
252	307
90	110
219	190
202	198
309	96
247	126
145	36
165	187
192	122
351	267
187	252
233	265
465	85
25	190
263	325
99	338
392	87
152	145
163	307
400	168
190	246
408	298
382	139
297	173
151	120
167	318
241	407
297	82
37	419
347	141
419	234
457	366
172	145
187	31
477	227
471	229
145	282
413	129
108	183
145	290
199	174
21	183
487	103
108	68
152	183
99	146
151	197
190	53
46	392
214	66
182	152
129	93
400	246
419	407
168	346
139	386
465	107
241	283
204	97
355	347
84	110
79	477
246	6
230	64
395	64
151	462
77	477
172	477
146	64
454	220
165	407
148	370
106	290
141	482
139	419
174	352
307	347
190	232
228	183
82	21
296	177
218	185
414	459
85	486
99	104
229	275
124	293
139	385
442	58
93	7
8	8
31	405
454	252
168	174
204	227
247	108
152	331
64	240
1	64
99	201
85	58
385	346
319	252
187	499
153	267
385	58
234	338
262	180
481	403
357	64
265	93
163	252
85	70
309	351
247	427
385	68
357	281
139	118
340	152
382	338
392	427
146	321
122	482
486	66
471	419
338	31
344	346
68	120
31	481
269	177
114	482
167	182
191	174
281	108
167	301
179	121
96	455
425	252
168	280
187	49
441	127
419	487
323	262
400	103
301	97
146	419
240	426
351	298
295	145
129	405
246	264
82	166
481	1
371	267
347	258
479	387
110	118
122	31
12	314
141	371
247	82
405	207
247	47
31	300
182	276
442	126
214	121
383	158
64	97
77	371
283	224
262	232
236	347
268	371
70	146
93	8
281	407
330	390
301	419
27	297
252	85
454	371
252	233
346	191
357	297
139	469
246	126
246	427
351	280
454	104
282	187
209	121
187	120
300	151
166	160
165	482
87	280
172	191
204	441
253	384
126	483
184	234
199	240
87	317
171	281
31	40
17	62
107	293
360	126
405	304
108	103
459	309
84	281
124	187
166	363
27	145
482	127
283	64
286	86
258	186
110	174
219	40
240	2
372	240
68	58
454	423
1	70
45	37
198	26
441	336
197	282
127	385
165	304
459	12
459	40
182	232
1	77
459	174
291	106
53	405
477	121
70	45
96	244
395	432
218	325
284	45
450	145
82	93
400	58
96	78
295	421
172	153
46	98
8	152
163	120
366	218
139	45
234	104
366	477
490	351
31	45
280	174
487	152
12	93
174	498
62	272
290	301
106	190
126	90
65	190
426	383
141	141
121	126
357	300
172	87
12	346
366	151
82	76
23	281
191	330
482	171
265	23
112	214
465	330
204	280
360	482
450	232
90	208
165	366
199	173
197	146
129	486
346	180
167	127
233	227
124	419
182	395
322	121
385	171
385	347
184	151
441	459
427	477
209	204
174	158
347	86
192	466
322	184
301	471
282	96
184	304
293	411
172	7
246	120
165	252
395	33
111	293
264	227
68	145
280	40
12	487
152	419
93	487
306	486
297	93
395	300
487	284
385	102
209	455
366	127
87	442
158	180
45	68
68	252
413	23
241	357
331	103
165	293
84	340
214	38
93	176
184	167
259	267
465	486
40	227
234	182
366	209
371	110
87	69
124	282
38	99
252	58
285	477
45	385
199	428
347	165
96	457
90	263
282	31
304	117
1	106
183	80
183	265
345	281
141	281
281	232
84	454
17	204
281	172
187	37
27	36
110	252
290	347
104	120
482	126
80	346
87	297
344	183
281	16
181	145
141	486
246	232
281	124
353	486
450	179
247	145
455	145
194	82
122	85
245	247
427	192
419	263
304	297
26	252
441	64
118	122
234	280
184	385
187	176
82	334
107	186
281	70
138	290
269	330
167	1
218	174
197	68
391	155
218	372
204	127
108	182
104	240
165	122
139	486
281	455
64	56
47	165
129	275
186	322
428	92
46	70
232	164
309	455
366	56
426	165
305	28
107	176
99	484
3	483
165	153
413	8
3	385
385	78
190	481
442	414
190	419
246	94
234	80
129	469
385	190
65	187
26	229
86	80
439	330
208	26
208	471
68	31
118	16
234	163
167	103
118	281
307	207
126	228
117	108
152	51
96	347
110	190
121	61
413	346
66	454
419	75
78	428
232	167
472	400
427	302
28	108
151	110
1	182
145	183
183	338
104	85
265	37
118	23
190	93
269	31
121	481
347	408
99	339
199	265
127	78
223	127
14	486
247	184
282	426
46	338
28	318
77	400
80	166
236	31
204	373
121	16
359	265
85	471
167	442
36	487
425	86
246	113
135	190
263	297
31	209
191	487
246	199
153	385
166	314
121	370
296	280
149	117
110	208
219	151
126	351
87	6
85	141
240	405
266	236
347	264
413	122
113	85
482	50
293	280
214	247
304	96
113	174
165	141
247	366
8	69
220	192
228	87
290	290
450	284
64	346
275	229
182	194
236	64
8	197
146	265
103	240
145	66
145	68
108	180
209	407
111	7
264	126
346	33
346	427
252	301
151	97
466	133
290	263
70	482
177	330
156	251
118	413
263	486
78	84
428	182
330	187
141	264
298	297
127	465
40	346
244	127
351	330
240	70
62	194
166	351
385	180
17	347
103	33
192	240
175	174
347	80
41	108
477	42
176	289
172	227
104	455
80	407
113	459
247	486
189	120
227	383
294	62
99	22
297	252
232	79
88	145
351	455
82	465
240	41
93	247
385	199
68	103
194	471
240	113
14	262
76	322
64	82
77	184
182	151
46	441
219	152
171	146
92	275
1	440
45	346
108	187
70	50
145	491
8	252
246	176
171	366
126	68
436	198
108	211
309	338
129	346
189	80
145	85
304	400
400	45
395	199
418	199
232	118
87	395
181	104
280	228
31	145
283	214
301	64
419	113
298	122
405	194
282	454
186	85
487	312
96	380
103	385
438	403
151	224
410	284
21	121
199	321
178	114
280	198
145	401
442	463
16	187
204	252
208	77
1	272
290	482
204	240
281	141
400	371
46	108
290	78
93	66
471	130
477	400
3	380
486	156
99	153
1	282
351	176
127	441
17	438
482	403
23	290
331	106
322	426
244	64
232	108
85	204
263	304
321	58
174	108
174	298
219	454
318	450
291	298
419	225
247	237
450	454
280	214
181	262
190	141
146	247
173	33
291	158
208	347
23	45
293	466
290	244
223	14
8	84
68	487
471	313
280	78
282	457
247	204
259	379
240	240
122	199
121	454
118	187
26	285
172	208
371	190
103	291
280	259
121	331
87	66
51	477
80	280
378	145
297	84
341	61
165	347
111	446
298	124
283	228
486	37
459	56
487	83
246	108
190	178
152	207
278	339
85	12
187	275
454	400
194	190
129	331
64	471
145	113
250	491
21	120
247	21
263	330
281	246
199	118
201	182
371	436
96	223
12	190
187	183
165	218
166	146
84	236
499	139
252	152
209	194
156	127
167	183
179	64
475	96
28	325
218	426
187	424
214	252
281	187
247	407
87	221
124	483
351	66
99	408
94	46
400	86
240	165
304	252
400	339
93	286
209	214
181	252
418	31
462	240
392	204
64	127
124	436
244	281
247	36
471	264
122	187
482	64
92	209
307	191
246	299
346	290
184	290
187	153
53	260
275	166
351	387
127	9
90	297
139	331
385	477
167	426
183	322
7	262
85	425
14	111
86	87
26	357
442	366
53	297
103	87
442	172
171	252
351	103
486	275
171	482
82	454
481	397
82	232
233	132
475	79
411	187
127	118
31	49
405	174
199	18
110	486
179	76
365	146
407	426
477	96
252	455
240	234
12	297
26	321
280	244
127	477
45	85
82	234
487	85
297	385
290	388
486	167
123	105
14	93
43	8
281	240
466	99
219	477
104	61
69	371
282	104
282	120
127	190
145	2
87	127
103	104
7	187
214	141
395	93
442	322
318	317
82	45
26	174
178	280
395	281
407	45
121	213
120	244
108	106
21	21
427	297
339	227
290	304
218	171
172	457
146	402
347	483
87	87
31	383
132	267
357	103
122	197
227	14
442	120
199	127
110	360
214	99
19	90
405	283
145	280
163	371
204	187
187	65
282	109
108	102
301	252
290	208
259	252
33	281
296	173
129	204
322	309
187	400
190	78
110	163
298	346
31	366
182	167
124	338
79	290
281	79
80	380
282	53
498	167
441	482
466	347
442	486
498	281
64	166
351	173
40	174
216	96
117	360
77	397
477	466
299	21
76	469
311	240
407	385
371	477
64	174
325	279
122	171
304	251
99	482
318	407
344	14
151	347
65	40
183	87
240	300
16	259
246	351
269	122
407	120
187	338
64	150
174	21
9	187
85	465
107	321
246	46
87	300
407	139
232	383
194	293
487	1
463	482
275	247
1	33
400	383
90	401
12	82
385	184
232	477
181	325
330	99
228	198
471	181
172	465
263	96
257	247
96	322
459	346
276	297
104	70
290	474
173	289
400	385
120	252
455	433
318	87
46	465
282	436
46	87
56	232
68	400
45	165
166	64
145	228
96	68
204	413
282	282
275	198
336	96
122	419
65	265
140	58
64	457
124	31
104	252
174	133
103	90
468	331
393	64
286	127
121	194
304	114
141	77
21	194
64	199
146	357
27	357
77	419
197	65
181	12
26	386
62	465
87	371
127	454
425	93
31	419
243	281
438	319
427	190
167	77
189	158
259	103
187	413
471	171
419	96
459	330
499	113
64	176
209	338
351	240
297	78
156	290
76	477
182	247
366	347
152	190
298	265
400	454
139	70
234	70
82	141
455	110
244	290
385	454
407	224
281	158
82	482
174	152
121	187
275	297
31	186
172	225
269	46
441	165
190	281
247	400
236	386
145	99
246	62
232	106
236	224
391	114
122	263
283	53
227	40
104	282
262	139
281	322
385	90
68	153
96	145
347	176
76	282
27	183
477	459
66	403
368	139
281	55
118	407
314	309
275	426
145	385
53	347
247	187
84	96
14	82
127	61
220	293
182	450
85	47
152	482
182	241
382	285
151	442
234	124
192	234
45	14
296	123
82	64
118	284
241	90
385	387
311	477
56	240
282	183
12	172
477	152
318	240
372	400
8	46
442	289
263	366
373	281
298	182
353	85
379	469
278	99
145	208
182	426
182	244
163	322
405	64
405	247
272	246
275	413
227	336
383	322
102	297
98	252
280	45
141	464
62	190
382	471
64	179
188	482
82	36
366	454
174	62
471	442
182	166
236	246
151	80
466	315
477	184
79	93
6	120
459	207
187	298
290	199
297	371
385	108
419	427
178	132
104	458
411	85
240	49
7	85
334	282
201	87
194	280
22	356
297	120
247	165
246	183
187	297
192	64
297	174
118	103
266	297
482	191
400	167
351	322
173	372
150	161
282	84
234	127
207	347
357	7
90	322
278	46
85	356
371	427
423	300
145	121
214	380
371	66
187	199
80	347
233	172
90	366
118	33
281	209
174	290
289	194
459	240
230	338
371	103
455	102
165	351
413	407
184	405
166	407
152	197
385	129
186	79
382	146
246	227
339	405
466	190
297	280
346	449
64	263
281	400
331	339
111	291
281	64
46	208
363	153
104	165
127	184
198	309
40	56
290	488
45	229
85	442
224	413
70	66
166	90
301	166
246	40
247	264
247	259
122	84
82	84
80	383
110	214
167	209
146	194
294	1
145	167
176	167
256	8
126	442
122	318
113	395
301	33
23	467
126	357
442	183
167	465
346	8
357	357
124	152
194	483
346	127
126	346
376	146
182	285
103	301
77	174
90	240
174	129
158	471
12	281
304	93
318	280
167	236
64	320
90	82
174	104
323	182
26	120
141	104
290	227
246	350
290	283
108	152
234	247
88	442
145	413
167	172
194	208
70	275
260	45
232	87
234	407
301	371
366	483
487	139
98	220
309	309
425	82
21	76
240	466
241	218
348	486
400	172
471	215
156	28
207	436
172	103
124	322
191	246
12	322
166	395
298	443
323	347
385	122
141	64
173	419
21	65
301	204
102	438
385	87
183	240
103	247
141	244
7	118
346	246
252	347
93	93
280	247
298	152
318	182
259	360
395	53
146	52
28	427
387	371
298	263
108	114
104	174
31	179
351	190
351	395
301	217
37	143
70	267
357	152
190	7
113	304
281	405
413	120
41	82
322	252
236	164
434	227
392	495
331	64
142	7
70	232
302	232
264	351
166	187
108	281
117	71
172	281
155	86
281	87
347	366
187	127
455	240
124	246
282	462
113	122
145	199
466	263
280	183
99	309
413	87
157	132
145	190
499	385
187	264
283	79
392	407
357	113
85	400
379	297
387	366
190	26
392	198
208	330
252	201
299	414
6	330
152	407
477	247
465	42
69	45
23	183
152	80
173	198
118	325
347	240
385	56
246	188
141	465
99	129
234	10
230	307
45	434
413	454
90	400
113	295
290	486
122	64
84	244
120	190
429	90
482	228
82	180
103	407
118	321
1	90
110	282
124	90
53	436
466	31
77	51
77	77
87	321
334	236
465	125
181	351
379	232
264	228
321	40
407	80
41	281
141	299
331	380
87	351
41	120
174	204
243	247
192	204
400	471
66	121
96	487
163	64
283	281
282	304
6	173
204	407
145	77
319	209
232	309
253	280
93	64
28	309
46	178
1	85
404	187
121	80
121	477
62	180
117	198
371	471
68	108
179	426
347	289
282	113
190	442
156	189
266	281
145	427
190	297
167	267
76	355
82	275
122	6
294	187
173	481
139	407
338	70
282	173
236	173
111	298
282	85
98	264
190	431
110	45
184	363
53	58
225	218
407	166
187	61
290	85
382	246
117	338
124	185
159	80
244	174
110	281
87	93
145	63
184	403
403	187
407	197
229	145
427	152
441	182
93	393
463	383
281	111
289	254
477	234
57	56
31	102
240	173
281	174
90	482
104	77
190	85
1	240
204	232
145	320
420	1
122	246
281	179
110	199
281	166
366	58
139	462
354	181
158	281
259	121
65	132
183	108
87	486
187	158
191	166
338	227
199	40
76	379
247	65
76	145
31	305
240	107
66	182
372	65
247	87
246	204
363	455
280	431
300	323
223	400
110	372
419	118
121	190
309	1
53	284
241	153
186	166
290	97
174	300
110	178
127	417
121	247
182	5
186	400
495	107
14	99
145	153
64	141
347	7
466	232
427	31
304	290
172	182
166	282
3	85
151	143
159	351
290	251
168	187
122	301
257	358
247	90
174	385
246	141
1	108
350	174
74	247
163	498
290	42
108	176
127	66
6	300
17	477
151	187
357	191
298	17
289	338
167	378
104	64
110	194
427	167
266	12
46	386
376	263
40	33
37	318
357	97
41	145
174	322
392	113
424	281
466	177
252	84
418	290
145	482
9	96
87	45
86	108
40	265
85	252
56	70
391	141
281	307
26	297
281	426
347	173
252	127
426	466
465	127
167	146
331	146
45	36
187	187
103	139
282	174
46	281
232	68
163	236
351	186
297	194
405	281
344	273
70	265
240	7
198	36
183	465
194	66
376	64
371	41
334	347
282	366
311	53
208	356
366	337
400	70
122	275
145	82
172	254
232	371
21	454
113	400
173	124
82	395
187	70
62	486
247	325
275	371
111	1
209	98
486	347
262	1
372	390
79	466
87	194
301	174
187	77
281	331
407	121
56	290
486	82
240	27
163	290
189	385
145	152
166	103
108	441
281	145
173	411
426	104
264	372
82	366
69	104
403	459
194	102
385	166
90	28
110	103
214	174
355	31
28	484
167	336
413	413
1	167
53	110
174	232
111	111
356	322
198	90
124	298
236	318
194	69
124	173
351	413
179	334
280	386
96	407
96	110
371	357
85	280
448	45
167	85
357	107
351	407
46	197
121	56
330	106
236	68
198	318
187	487
118	252
275	179
240	53
240	183
265	99
282	285
87	455
76	400
141	322
477	155
6	340
68	151
281	298
281	51
290	110
383	145
405	372
240	98
372	55
355	400
155	66
40	85
129	232
197	99
209	380
172	264
353	121
207	110
282	106
263	247
247	183
331	40
400	178
127	145
363	462
187	133
153	113
146	46
173	265
90	127
191	455
347	2
247	77
1	68
281	42
462	355
232	173
103	322
309	176
122	306
96	281
240	419
357	486
110	403
346	7
46	163
118	339
172	86
298	165
122	385
459	132
204	120
1	66
122	204
411	28
395	297
130	240
78	240
60	194
240	186
145	498
64	146
304	145
56	289
184	82
171	403
64	184
113	333
186	380
346	145
198	76
64	111
16	220
121	212
76	192
322	14
151	103
82	281
281	325
56	82
487	80
191	178
320	132
298	289
46	347
226	46
347	254
163	426
281	90
166	79
247	7
459	385
99	174
127	141
14	167
139	99
263	187
370	174
292	190
78	40
181	150
124	373
127	400
53	7
121	178
252	477
407	297
167	120
99	396
25	69
46	264
197	441
322	7
120	379
31	469
459	151
269	172
182	407
120	290
355	165
427	226
184	388
477	151
192	306
236	192
173	199
394	183
31	246
282	297
351	309
491	167
346	168
247	373
110	90
216	371
96	46
156	454
297	14
174	293
371	454
371	187
190	325
108	8
311	124
182	90
232	227
284	462
25	174
336	108
85	482
145	187
229	97
376	183
7	379
240	50
309	166
481	275
3	297
111	234
53	245
296	318
469	285
309	5
12	442
167	40
68	357
244	178
185	23
407	489
172	99
486	428
146	126
79	187
465	167
275	290
204	85
318	428
351	428
280	448
66	102
436	450
146	127
46	36
70	438
446	194
141	252
82	40
41	385
118	450
286	483
449	174
313	290
26	187
46	14
106	301
426	395
129	465
158	145
181	289
366	1
481	174
124	2
330	498
65	158
98	122
78	86
240	366
104	337
466	44
104	51
85	172
346	265
385	498
187	244
317	174
93	104
371	163
240	413
263	64
82	346
127	204
53	252
37	427
187	87
281	471
419	256
190	97
477	31
66	166
298	320
354	263
360	427
229	285
8	441
358	234
285	198
110	228
220	246
463	259
297	298
260	240
104	225
265	471
163	232
262	96
407	146
64	186
36	312
173	178
187	1
141	46
108	126
252	224
204	36
190	482
87	8
347	199
69	126
339	407
110	290
190	174
87	282
66	247
228	208
222	261
244	275
477	174
70	194
141	218
371	46
454	133
132	208
481	497
36	66
208	1
88	167
145	298
407	477
281	66
190	153
338	393
135	87
64	234
64	442
297	246
301	108
108	366
385	282
246	400
45	153
282	45
167	244
426	180
127	275
122	129
165	443
246	442
56	191
187	80
240	209
31	482
282	172
325	85
346	156
99	167
218	28
282	224
298	282
46	240
208	104
263	74
44	68
139	403
139	113
108	240
218	31
174	40
168	183
122	151
45	347
41	141
231	127
110	441
172	8
110	84
281	487
430	429
360	407
104	145
93	234
290	153
477	139
482	335
257	85
282	7
25	167
190	68
74	64
281	386
201	183
455	281
385	173
471	139
296	7
309	471
297	229
83	333
201	424
413	79
261	234
87	153
189	190
152	87
473	301
88	90
96	387
370	182
371	174
153	265
247	454
190	351
46	280
291	441
392	498
113	108
282	204
182	123
191	41
234	69
259	198
70	455
400	201
46	190
197	477
77	214
477	178
343	297
444	143
371	321
1	280
82	8
252	471
483	145
161	88
442	227
110	234
87	339
106	297
339	124
393	104
129	209
190	252
290	113
40	486
371	104
282	61
296	77
189	298
218	56
66	1
234	66
282	227
163	366
487	346
477	40
107	187
21	53
282	427
199	45
97	386
118	21
204	371
1	208
1	275
240	351
176	2
48	53
413	2
21	290
371	126
482	53
85	40
372	336
64	46
253	145
85	498
486	407
382	1
103	275
117	85
407	285
182	278
183	364
244	190
230	2
405	87
113	70
118	218
282	121
141	85
127	267
7	426
413	182
53	413
395	366
1	145
102	65
34	168
103	246
45	322
285	219
339	165
145	419
281	472
244	51
351	301
45	191
281	459
487	82
110	12
229	455
12	65
122	371
93	99
338	68
291	282
145	50
395	121
413	16
281	234
127	40
36	263
291	487
357	174
198	351
373	282
96	234
96	201
290	96
118	108
441	247
259	441
266	385
486	338
263	40
262	124
129	167
234	450
182	219
145	70
346	214
344	7
107	65
85	267
424	164
197	159
174	330
276	151
351	426
121	82
331	463
331	322
366	171
259	259
59	301
82	385
141	184
230	172
426	318
90	124
218	413
194	395
385	297
488	152
66	366
454	428
173	187
165	84
108	392
294	90
152	171
190	104
483	284
407	441
339	153
29	145
181	14
173	498
290	145
312	180
385	331
122	331
90	51
145	240
290	498
390	183
371	61
190	146
351	2
317	99
403	300
1	166
87	72
283	424
308	110
466	156
86	290
240	282
241	400
145	127
68	8
298	153
297	178
36	192
124	113
371	262
1	371
113	87
487	290
8	385
15	289
282	64
371	423
220	124
289	266
360	344
297	35
486	240
281	454
77	301
99	395
127	194
107	165
318	55
118	174
99	244
232	413
141	248
465	386
45	117
40	246
124	229
240	371
183	192
187	491
419	322
167	371
455	180
371	351
96	282
99	68
96	173
385	120
407	229
400	392
346	263
12	99
353	40
107	145
194	173
145	454
251	8
87	124
477	281
236	102
184	466
232	124
314	450
87	44
86	298
204	247
191	371
383	7
244	118
87	400
167	281
171	79
322	174
53	190
309	486
282	122
482	265
290	165
346	388
113	44
252	28
436	403
250	442
198	93
174	163
241	62
241	152
108	84
90	229
483	174
197	290
265	77
1	104
26	167
289	330
463	103
441	76
121	64
104	427
45	325
70	340
448	117
121	450
280	205
98	204
252	45
172	482
357	275
330	414
454	59
21	280
259	290
275	155
482	351
297	265
85	372
309	64
351	227
246	475
146	139
371	82
261	240
366	53
351	252
227	22
236	285
297	204
190	111
236	153
94	91
282	400
174	167
247	252
259	339
208	92
110	483
93	205
469	174
373	290
45	427
103	26
155	126
8	234
171	120
187	141
187	360
392	338
79	7
77	155
419	301
381	280
77	151
220	181
321	87
36	246
122	208
294	66
252	382
439	61
400	241
371	385
240	346
199	386
246	263
124	103
297	79
330	442
283	114
66	155
234	51
146	197
174	132
244	109
118	102
118	358
454	498
46	126
459	32
172	198
318	190
252	413
347	450
459	481
99	454
304	8
441	85
385	209
184	357
172	55
371	363
344	163
90	381
230	269
64	300
64	102
471	338
407	244
31	241
208	109
293	84
481	444
191	244
400	347
282	468
309	209
426	7
97	31
275	122
145	104
227	186
121	259
487	267
454	97
84	31
62	182
459	218
198	395
64	309
487	96
108	351
209	285
275	40
183	371
441	455
201	113
99	77
120	30
344	1
297	289
187	85
257	263
289	240
232	414
150	80
129	46
108	122
281	45
104	459
139	6
145	78
53	40
400	357
424	345
48	108
371	247
87	204
482	166
241	263
346	141
110	127
427	78
122	282
184	124
79	426
230	297
371	70
263	113
466	129
465	393
155	173
106	281
82	65
347	246
320	244
118	309
351	33
313	94
477	113
427	61
281	152
290	64
37	58
272	290
207	94
163	69
102	391
93	152
104	166
145	347
120	246
146	180
346	442
282	441
436	124
90	443
167	330
321	459
93	346
31	227
145	204
477	85
90	201
21	371
227	58
395	190
194	87
372	1
188	69
427	18
280	155
263	197
99	492
477	204
383	191
351	457
113	168
297	90
290	442
45	174
7	51
182	178
72	482
199	30
165	58
219	16
426	127
183	110
108	322
183	300
145	351
1	1
191	86
230	300
346	345
6	213
118	98
280	234
191	126
64	436
280	309
482	86
165	275
282	118
181	197
108	178
244	282
487	371
487	372
407	61
122	42
357	204
187	318
280	53
14	56
12	282
28	152
436	99
466	281
290	265
240	159
90	427
450	68
187	454
187	134
322	79
117	124
246	240
325	26
163	385
259	178
171	87
190	151
318	253
146	191
122	267
44	482
99	1
70	247
114	267
400	77
117	227
301	240
487	158
99	127
477	164
263	292
233	187
102	99
111	139
68	293
426	347
281	244
17	407
455	420
104	121
289	337
102	481
499	145
262	70
325	330
64	441
152	246
117	104
457	290
459	477
427	220
36	351
442	132
400	145
129	247
103	338
191	31
247	64
126	198
290	346
240	313
155	464
407	58
117	141
187	173
12	247
275	126
482	66
151	232
442	98
218	141
90	244
181	66
236	87
199	55
406	388
1	307
199	178
82	124
405	38
232	465
78	187
275	419
163	477
498	85
247	167
304	382
69	75
335	263
31	65
330	465
403	31
117	117
93	65
163	145
117	82
53	12
141	407
87	467
450	482
292	425
87	246
21	152
31	385
167	87
187	331
99	181
27	122
121	301
118	90
198	8
109	21
82	387
126	283
113	334
382	400
46	259
304	477
46	252
290	385
482	289
351	266
351	292
174	230
436	436
8	227
263	413
265	165
78	357
298	139
455	280
121	346
247	189
76	45
351	7
104	124
282	269
158	392
31	290
357	330
346	289
459	51
482	313
246	234
405	240
347	127
187	53
181	187
163	361
227	281
339	263
246	441
246	178
87	1
124	412
64	356
187	301
297	400
232	16
184	108
281	201
191	177
90	281
214	80
45	79
222	78
481	87
392	152
376	229
167	104
121	351
263	280
2	41
103	204
393	384
199	82
339	385
281	93
192	68
430	108
40	152
103	84
383	411
455	36
281	31
263	70
441	371
372	96
182	390
236	236
280	482
281	425
201	194
120	44
207	183
247	164
198	117
441	263
291	386
371	297
225	122
246	99
293	228
124	346
351	178
64	198
247	190
204	213
240	339
17	28
191	104
68	366
167	151
282	214
382	180
395	384
129	49
264	145
454	280
318	414
247	280
198	400
298	419
236	85
280	286
252	1
191	366
187	58
280	282
145	40
264	7
246	197
442	99
51	126
168	155
174	199
68	14
2	227
167	58
322	145
294	145
172	45
199	61
483	262
265	127
64	85
486	281
407	56
331	36
156	304
46	191
103	167
265	290
371	263
286	120
275	47
64	84
194	164
21	180
64	353
56	90
36	173
145	180
113	344
76	346
218	108
280	196
309	165
230	251
6	380
204	190
482	227
145	386
151	82
462	284
190	282
230	99
234	405
313	53
173	307
482	330
113	8
117	187
87	356
139	347
426	209
280	61
240	243
257	4
318	178
366	382
281	197
351	82
166	56
280	263
110	8
118	304
36	126
466	290
96	386
121	297
265	145
187	198
413	26
281	285
139	68
85	17
405	482
124	166
79	301
232	33
26	145
203	113
371	205
283	141
348	338
96	297
8	191
127	300
466	87
371	180
87	465
260	289
281	46
477	1
87	134
346	335
240	427
423	325
265	331
62	266
246	297
120	127
477	322
152	345
385	64
455	71
78	426
346	282
132	264
132	477
317	182
346	209
385	263
86	33
282	494
351	38
419	114
281	183
167	483
252	482
377	481
246	90
70	290
304	346
145	129
436	433
96	55
25	204
68	124
45	82
466	252
36	165
275	113
220	174
118	207
163	281
82	82
406	26
82	264
124	201
127	166
87	110
390	182
400	291
395	197
263	446
191	450
471	471
21	127
86	466
190	65
108	282
145	65
283	122
171	322
466	78
172	290
281	167
298	487
282	8
126	110
233	68
194	108
80	265
155	466
98	207
121	146
53	36
120	482
444	187
46	246
334	385
129	139
360	141
441	275
281	266
282	166
174	236
184	31
413	104
371	194
49	146
297	207
53	395
426	86
351	498
246	198
455	64
229	87
259	454
371	339
183	60
465	252
466	186
304	219
187	246
110	197
70	272
45	270
99	166
12	351
167	298
68	330
413	152
263	178
482	153
79	1
309	321
322	290
21	174
181	167
294	171
103	234
82	378
477	282
122	58
371	14
234	209
232	430
40	61
466	357
309	318
366	214
424	230
110	64
12	371
253	146
84	387
290	163
66	441
466	141
117	371
218	117
1	59
108	198
265	255
191	477
462	454
390	159
275	69
158	351
183	259
482	65
371	325
118	151
64	151
400	232
187	372
124	190
64	219
107	56
145	462
280	466
122	405
8	246
286	118
266	192
82	172
390	100
122	366
209	290
441	240
281	385
235	86
166	129
86	45
99	281
351	127
219	214
232	180
265	58
121	284
126	290
21	247
118	153
280	405
325	371
405	82
209	386
331	284
283	85
298	12
266	167
236	454
69	340
241	351
263	386
297	152
263	417
465	244
104	262
241	309
110	280
187	281
76	370
82	477
190	173
161	110
477	301
265	194
45	180
85	7
229	93
85	122
171	37
120	183
68	259
68	355
477	198
379	236
110	93
108	139
99	487
26	466
246	318
175	322
297	282
450	103
263	124
151	482
166	102
300	241
65	124
321	99
293	80
477	79
240	79
176	47
244	454
121	442
184	87
265	184
442	300
77	99
46	282
354	44
85	351
339	291
85	145
183	102
275	8
487	53
6	167
236	227
297	284
469	98
118	366
229	246
98	218
290	181
353	231
252	371
66	141
227	457
297	240
53	163
300	339
321	36
77	121
405	139
246	465
68	286
111	66
339	275
152	340
347	77
55	167
120	66
198	58
330	282
309	385
40	281
76	36
87	86
230	371
265	483
51	280
246	347
188	127
150	45
187	36
121	39
379	77
204	23
280	458
281	126
481	197
385	124
309	87
204	103
103	85
331	357
477	297
336	265
427	455
346	454
304	45
487	126
208	78
233	124
459	62
321	174
68	102
392	167
51	322
124	232
283	320
357	459
252	174
105	297
366	187
296	330
77	1
236	252
298	4
132	64
66	153
96	1
31	298
246	82
187	351
31	110
82	90
139	90
104	481
165	442
87	33
498	70
104	263
126	407
246	194
191	59
87	62
244	113
385	96
371	371
351	182
339	77
430	64
347	482
64	172
454	240
297	347
366	419
146	12
290	197
26	234
178	190
108	263
246	233
143	85
8	338
45	282
118	244
146	103
284	319
466	272
475	156
281	297
298	385
241	300
124	267
414	441
45	360
187	121
259	400
477	53
93	178
31	99
31	373
404	371
427	244
407	93
124	457
283	139
118	168
187	340
309	356
155	413
253	218
482	486
110	286
98	297
465	459
240	141
284	141
265	103
487	386
197	217
296	121
419	87
94	247
264	99
282	99
14	469
189	361
330	208
80	90
64	385
31	240
110	186
187	90
263	87
12	454
296	198
232	338
297	281
93	121
3	184
194	477
90	232
282	455
232	380
232	400
307	366
45	26
12	318
218	366
280	232
55	486
281	263
371	45
482	124
346	252
187	151
163	208
77	264
108	385
236	359
301	124
441	99
482	322
444	240
103	300
101	482
247	103
127	108
66	61
298	174
263	281
316	106
449	180
139	97
477	351
124	481
194	96
183	424
280	400
87	94
318	102
229	40
104	151
366	234
199	442
230	187
172	174
208	61
85	187
166	108
53	141
56	483
45	155
108	267
298	318
407	289
395	7
280	36
309	174
477	224
187	197
108	395
281	53
33	338
85	290
280	297
204	64
228	400
345	64
68	350
87	53
111	344
385	51
371	372
298	482
263	8
113	281
182	290
382	371
163	227
326	246
66	191
360	194
86	31
318	44
181	121
85	182
198	124
68	218
12	64
232	281
21	347
45	152
385	172
145	120
62	298
263	82
182	187
77	281
183	7
301	407
174	7
191	240
486	187
87	459
236	240
281	1
241	120
191	93
262	471
53	247
487	280
96	166
240	166
165	79
487	110
257	68
339	122
184	110
40	190
31	111
275	204
290	68
300	413
485	329
118	229
87	187
466	55
298	281
64	466
296	33
66	477
371	143
347	182
321	45
286	251
281	267
68	371
466	201
400	198
113	145
346	178
269	469
276	171
199	141
289	110
407	280
357	298
357	8
322	93
21	7
482	146
463	247
66	300
330	51
1	413
1	471
96	210
219	386
48	467
111	124
192	380
227	121
309	275
156	141
132	407
442	90
167	167
346	45
293	17
309	339
87	290
208	108
330	339
454	282
371	281
280	158
309	232
400	187
129	164
146	87
100	240
477	167
31	309
407	246
265	21
297	351
454	168
431	385
246	181
247	12
31	178
176	121
145	400
113	351
141	145
118	124
466	103
69	286
187	263
159	104
363	282
184	181
382	187
204	385
363	86
53	448
184	218
124	96
90	7
7	76
1	483
45	110
174	189
174	252
167	351
450	247
278	40
171	498
1	281
62	87
43	265
175	400
66	275
321	183
229	347
280	472
121	282
340	232
62	284
146	318
382	469
99	498
187	91
318	322
104	462
282	296
234	463
444	246
419	298
145	266
436	122
482	214
1	300
167	93
143	103
118	427
347	466
184	346
64	275
53	107
371	198
145	145
141	234
240	120
187	8
244	62
236	12
46	331
286	318
203	145
7	166
187	167
25	232
163	357
90	450
127	110
182	236
158	103
281	72
407	152
174	354
366	264
266	252
199	330
79	471
246	385
26	45
99	486
87	64
247	172
371	102
117	174
122	82
122	183
174	139
240	290
353	281
2	255
53	167
98	65
291	482
178	199
178	263
141	297
247	93
167	240
263	220
281	486
373	144
263	227
55	46
400	98
1	178
31	498
155	300
86	400
87	208
172	1
36	87
489	318
151	382
293	298
251	347
167	393
36	111
407	265
407	232
55	8
124	376
454	110
357	194
291	347
209	232
168	283
174	103
441	428
390	347
296	113
413	164
76	64
111	56
357	190
68	164
145	234
129	330
450	347
393	427
249	45
297	113
7	385
146	385
466	85
87	304
187	190
198	28
240	385
259	166
431	178
192	395
199	209
64	282
151	351
290	280
190	190
184	285
80	141
325	392
405	99
400	110
62	99
143	366
442	110
167	290
281	173
82	194
190	61
183	290
371	168
64	121
264	291
441	477
450	182
347	40
145	380
187	86
21	110
172	64
152	189
264	300
338	183
281	482
103	252
304	232
45	182
7	477
232	151
118	190
325	120
477	141
356	357
309	442
82	120
313	126
172	282
301	246
197	14
129	1
466	321
236	477
264	220
99	419
8	167
371	85
351	234
335	304
483	124
280	80
66	45
174	309
441	113
199	163
198	66
360	309
26	254
284	236
26	108
68	441
477	183
307	146
183	62
187	139
331	166
442	23
245	82
207	373
346	146
252	449
227	178
110	298
347	290
302	218
298	442
182	486
385	99
247	132
120	283
253	459
282	407
108	14
234	403
189	259
438	290
94	454
454	151
190	347
68	266
8	407
12	173
218	87
477	477
46	84
104	21
426	45
298	325
426	392
184	229
351	246
79	330
357	244
298	410
167	174
346	165
164	198
93	154
108	306
471	65
121	240
158	167
103	21
246	301
240	1
240	164
259	77
268	300
197	53
408	45
282	300
229	173
45	281
64	246
282	466
359	86
297	187
21	151
358	33
104	454
194	372
244	459
282	165
31	334
36	65
151	371
240	85
477	429
167	409
275	183
446	65
419	465
139	79
360	165
53	282
322	107
251	190
187	386
372	232
85	260
232	171
444	173
183	281
462	281
450	64
477	176
108	376
122	80
182	1
298	321
290	339
187	174
405	318
146	338
190	143
190	280
16	126
141	418
167	166
64	214
246	111
387	166
371	145
275	110
240	64
152	214
331	345
201	297
174	44
14	198
104	152
21	355
360	357
240	96
108	345
222	201
117	45
407	459
268	405
31	477
90	250
230	199
1	290
265	41
17	87
366	87
182	482
141	190
182	198
181	219
371	68
129	414
351	26
320	191
141	395
290	321
218	244
304	385
450	386
11	187
108	266
110	195
378	380
290	171
90	330
56	459
145	41
126	301
87	366
385	400
155	290
371	407
163	293
99	171
360	251
424	405
297	122
110	108
174	201
145	64
190	126
442	263
276	165
199	290
354	166
124	171
167	121
87	120
194	191
252	208
37	53
133	403
38	385
79	96
174	33
187	472
486	236
26	240
277	325
87	301
297	293
298	330
400	319
152	462
285	414
371	113
482	155
234	151
53	407
281	214
414	346
192	61
246	459
403	357
400	66
293	232
41	151
87	427
64	454
82	347
264	179
419	70
482	1
204	486
252	346
282	244
442	77
302	247
428	187
281	198
455	487
477	290
153	234
64	252
360	477
385	187
21	2
16	31
51	283
325	325
346	351
209	122
346	232
275	392
246	252
46	366
233	85
127	351
113	405
339	99
239	424
64	145
436	462
126	477
122	172
103	282
21	77
259	68
346	392
282	186
78	320
321	282
121	45
77	45
208	372
201	121
167	168
385	53
339	373
382	356
366	120
240	152
145	444
187	110
76	371
56	108
317	85
152	187
96	459
297	455
360	45
385	232
77	356
366	117
246	281
223	40
122	289
122	280
351	253
480	290
117	297
477	267
167	66
78	145
347	151
145	405
178	58
297	374
194	110
165	441
77	152
345	110
187	122
474	224
127	87
347	392
2	207
356	1
66	103
224	344
281	344
231	265
466	173
163	247
7	90
301	281
118	395
