353	285
117	383
124	180
127	448
174	68
69	370
116	328
132	258
130	278
279	490
88	79
258	323
232	216
230	248
72	118
167	98
351	113
74	97
198	125
73	130
133	132
330	128
260	68
168	85
368	50
233	108
146	74
137	10
54	286
9	64
432	258
10	468
376	23
92	482
270	128
487	329
388	386
47	355
267	186
315	362
7	328
285	42
137	433
7	39
490	216
262	334
116	357
343	325
210	146
105	90
22	388
364	390
266	109
115	491
330	73
159	23
37	487
376	364
285	407
105	144
133	241
463	424
9	260
285	206
278	1
353	453
364	22
416	232
184	418
168	177
279	102
133	76
7	171
167	481
154	448
230	93
433	73
272	379
280	424
22	231
343	231
102	66
116	285
266	85
487	168
116	330
230	357
165	93
144	114
17	487
177	388
241	53
174	416
386	465
447	105
285	127
119	267
494	376
285	175
231	305
154	39
174	43
386	435
383	258
232	215
453	42
231	73
343	334
91	390
50	214
491	315
284	215
264	117
105	324
210	279
315	353
305	128
175	167
127	73
386	291
148	117
150	147
47	133
129	365
216	221
258	23
395	260
88	386
133	364
391	123
120	70
137	339
375	153
171	232
470	28
288	42
230	423
175	74
413	474
117	457
128	366
370	315
171	23
391	258
53	285
153	233
386	290
70	206
386	343
351	386
233	293
345	284
233	456
222	222
4	10
23	69
73	305
386	383
313	125
226	174
96	483
54	53
86	389
54	345
407	427
216	168
105	440
83	398
132	74
284	130
465	173
453	330
138	57
116	271
266	458
68	98
447	119
3	78
12	285
124	184
25	85
226	93
241	137
386	357
129	153
331	241
285	290
189	35
188	125
447	296
370	221
284	433
331	39
315	4
212	358
175	284
285	132
471	315
117	184
345	7
133	42
74	141
418	84
231	64
39	117
463	285
129	184
487	360
329	336
54	424
435	114
133	343
290	117
343	453
10	498
165	452
453	108
395	214
54	74
386	130
487	27
128	383
326	353
252	154
364	345
137	296
153	85
116	102
343	156
339	258
465	120
498	119
81	53
9	364
184	424
153	453
3	70
278	7
358	357
7	290
389	349
133	186
258	163
39	153
418	95
486	241
184	98
465	81
28	474
488	272
395	216
186	276
157	81
364	386
53	168
64	331
463	185
104	117
231	453
490	185
290	73
233	152
64	259
376	285
258	290
284	232
77	68
129	188
152	260
453	343
133	324
157	258
483	202
448	233
388	113
113	386
132	81
453	212
10	157
365	266
266	45
184	296
127	1
285	91
289	463
3	133
125	388
158	132
313	133
241	98
232	138
403	214
233	403
81	368
105	142
266	22
57	435
386	15
117	232
483	230
49	222
127	98
104	241
383	71
343	105
230	453
176	20
116	418
83	433
285	413
137	57
315	395
145	89
416	64
83	339
105	29
64	487
57	274
284	153
357	116
365	323
263	89
6	338
357	258
376	206
157	305
28	453
149	204
233	328
168	413
386	175
73	231
151	376
230	174
4	100
62	91
150	10
166	117
357	212
175	173
120	285
490	201
447	278
114	206
125	284
88	168
94	221
386	102
278	285
159	360
147	185
29	386
339	386
376	258
129	478
42	171
7	224
132	459
10	176
453	147
7	416
37	447
453	81
70	46
253	233
324	114
272	119
395	233
39	446
7	185
232	186
114	231
232	184
258	331
214	475
120	284
263	395
176	375
386	185
389	386
349	83
313	168
221	98
230	23
418	194
279	376
315	53
215	91
48	83
463	328
319	453
174	168
133	416
105	116
130	168
54	39
169	22
102	446
163	206
280	284
416	425
368	68
354	331
212	490
31	184
137	313
334	313
386	139
343	174
168	188
84	102
339	230
129	176
42	1
98	353
427	104
133	397
277	492
98	146
7	360
4	206
440	132
139	418
413	260
290	102
10	53
386	470
81	98
221	389
436	272
221	53
425	9
359	378
81	57
39	343
381	132
212	69
68	212
128	223
391	233
105	232
57	386
325	62
376	1
260	315
186	285
70	76
233	357
173	493
453	120
29	130
447	133
284	58
365	186
458	125
188	167
270	50
413	284
425	364
105	418
120	359
1	285
64	153
91	122
168	168
153	144
7	153
357	416
83	395
98	281
98	71
73	271
37	175
202	487
221	418
266	37
416	273
217	386
286	23
37	77
124	128
440	336
175	14
395	137
330	267
313	326
482	432
252	492
169	116
258	487
149	279
129	10
22	184
357	93
365	470
199	37
201	146
233	98
146	83
132	70
84	211
31	200
29	330
376	137
37	230
359	184
201	260
324	433
313	177
379	147
7	188
231	355
315	446
334	185
233	185
71	136
53	210
216	159
370	91
168	370
35	168
452	200
197	125
62	84
91	27
120	425
152	147
168	119
221	383
98	427
152	129
324	84
124	144
212	81
255	451
42	3
29	360
483	216
284	210
370	370
226	133
231	489
315	440
7	315
345	365
64	88
293	330
360	440
395	69
231	232
453	446
127	124
177	71
285	212
137	305
74	120
416	137
458	395
446	153
30	285
91	212
343	221
68	258
470	446
375	173
200	358
359	157
188	200
258	231
54	428
292	483
458	92
128	152
284	241
191	425
28	383
83	254
435	355
185	125
334	70
173	177
217	105
171	259
154	62
313	230
258	353
230	315
32	421
29	375
91	216
435	343
350	22
272	70
146	418
210	102
280	210
57	313
81	153
117	171
407	483
132	97
284	106
39	98
143	279
313	447
258	53
305	453
119	128
114	215
125	230
70	53
453	102
210	186
147	74
360	368
453	76
231	23
428	149
116	395
264	102
88	465
149	232
303	232
129	432
158	83
83	132
272	136
265	231
115	8
88	85
241	258
158	147
22	6
305	334
458	13
258	192
427	133
388	188
313	370
70	133
168	137
490	364
284	74
117	28
132	221
360	168
427	148
154	383
305	37
446	154
98	186
20	128
172	175
147	119
390	212
278	458
453	450
157	490
168	77
97	98
188	334
365	22
68	174
168	114
259	141
154	70
285	342
231	66
258	71
284	395
395	368
103	446
81	325
62	212
146	195
22	54
258	81
71	39
230	221
215	237
425	120
252	368
272	376
28	418
42	10
376	424
188	174
395	305
434	241
146	401
267	73
123	285
272	78
176	168
127	146
66	487
53	53
458	440
132	23
284	463
105	7
370	188
185	184
105	147
453	305
137	447
120	91
154	175
185	245
117	230
132	175
343	241
233	88
416	292
401	124
486	50
329	129
64	483
364	395
117	49
98	339
105	470
456	154
74	114
386	109
388	247
233	416
296	62
280	186
174	231
230	175
376	334
226	214
474	49
395	389
259	403
465	91
125	330
188	81
91	130
116	183
465	424
66	174
370	73
159	221
364	425
37	144
290	152
386	463
360	490
130	435
201	323
386	284
129	359
483	81
91	70
186	293
168	416
124	127
186	284
13	241
124	241
69	37
48	139
391	117
453	206
433	453
357	233
221	446
315	486
120	481
266	93
1	486
486	10
233	221
22	328
0	360
364	7
133	125
91	133
9	416
359	147
177	427
446	391
210	171
133	176
105	210
145	447
206	188
43	316
98	188
247	155
315	167
221	129
136	117
230	360
424	138
30	215
104	416
359	270
3	278
229	104
365	117
42	105
176	68
83	256
324	53
191	1
322	487
232	490
145	286
357	272
447	80
427	215
284	93
232	168
42	81
97	37
296	258
93	383
81	45
416	482
231	331
169	133
130	54
81	463
215	212
452	124
280	285
185	285
127	285
79	241
130	451
171	315
283	258
70	357
32	147
92	338
401	413
154	401
47	94
147	132
171	447
383	194
440	389
258	315
188	192
453	137
7	313
117	162
483	446
285	309
474	128
130	270
313	260
375	379
177	168
147	23
216	231
364	132
446	216
102	116
185	425
174	169
148	221
260	364
120	137
3	176
424	73
453	284
416	258
79	91
127	434
29	403
29	435
435	184
91	147
453	230
9	7
145	270
258	427
498	397
456	216
313	7
285	158
296	480
168	185
453	68
212	136
168	285
157	221
324	313
230	482
132	270
96	203
369	159
260	351
144	147
185	345
487	216
296	133
383	184
128	88
167	401
396	147
188	330
433	168
368	230
324	168
416	22
448	379
285	147
232	427
68	105
258	359
186	188
57	136
453	360
230	116
83	364
1	73
77	242
174	433
416	185
38	16
198	284
216	465
334	28
37	146
290	284
53	328
230	407
132	137
364	258
49	433
185	147
9	128
416	154
498	42
427	285
187	3
188	433
145	230
487	221
98	241
194	206
257	458
185	37
148	284
395	325
272	411
313	153
83	325
179	284
198	386
232	444
66	267
331	272
154	417
146	376
173	418
305	313
70	103
175	175
188	216
168	169
7	132
226	403
286	137
228	45
91	125
210	91
296	145
458	232
83	474
286	285
221	114
185	446
151	3
91	66
313	334
168	293
98	463
386	138
70	361
0	10
176	233
132	54
305	117
286	474
284	218
376	125
324	186
146	48
130	173
360	132
212	479
210	47
231	6
266	272
483	395
7	353
187	486
56	364
284	315
173	457
284	25
144	212
469	35
128	188
241	319
238	130
85	418
360	230
230	285
153	223
184	370
174	370
280	70
494	395
194	68
212	353
370	427
149	221
285	84
104	105
435	177
38	463
37	81
265	84
453	4
127	10
359	429
432	104
4	152
54	315
43	280
452	168
241	177
392	386
458	407
278	305
223	285
156	81
119	490
132	303
357	293
129	62
230	98
487	313
262	123
124	132
232	435
70	7
70	58
17	483
212	98
284	127
188	407
416	99
6	267
331	355
138	169
339	102
491	296
418	144
284	85
64	339
444	175
38	168
221	264
403	57
146	76
313	305
315	171
119	45
376	188
91	433
486	132
232	483
98	121
267	215
148	85
114	116
185	222
66	453
285	185
49	210
260	444
376	313
453	468
378	212
117	188
230	386
198	226
329	327
152	232
31	146
177	98
221	217
230	7
266	212
175	433
241	132
180	403
201	453
153	341
452	383
358	57
418	111
50	395
184	483
418	81
185	120
147	136
74	13
323	230
154	395
50	285
241	50
68	331
279	127
491	418
351	77
305	153
395	66
285	98
119	91
331	73
313	21
188	221
91	260
53	290
130	450
82	348
230	124
270	315
258	285
323	133
105	354
28	79
365	98
71	96
132	42
91	168
233	334
458	78
127	83
186	108
204	330
162	168
389	188
138	432
292	185
129	200
128	64
483	403
260	146
3	366
91	83
130	125
58	105
116	334
266	490
258	105
266	390
280	7
285	81
370	416
184	280
370	1
397	315
97	83
258	224
212	35
37	343
185	68
308	70
152	267
330	91
136	230
124	446
147	130
359	284
168	198
157	313
91	482
124	84
487	285
217	334
128	216
215	330
296	85
296	1
319	490
128	359
186	230
490	331
99	121
416	458
152	198
252	230
73	64
42	315
231	284
119	449
435	313
47	217
168	334
66	284
324	315
97	232
453	313
132	259
146	45
153	328
137	368
177	440
231	102
127	174
57	370
74	285
68	230
418	43
401	129
232	10
153	133
221	437
232	129
334	188
232	45
447	153
337	463
117	44
129	418
83	105
105	230
188	128
231	85
324	324
470	443
132	93
370	259
427	397
231	125
260	98
98	370
441	144
389	329
425	22
386	59
74	74
386	212
147	330
232	85
57	418
357	168
68	150
136	285
13	77
12	498
285	258
137	446
474	137
337	71
395	328
470	154
117	88
22	147
64	181
267	230
365	391
73	116
6	395
53	216
366	70
23	147
24	147
486	13
117	449
370	169
38	128
91	253
487	71
73	31
266	221
353	176
6	290
97	84
407	173
324	117
491	428
42	407
42	147
137	168
168	258
188	446
433	42
159	473
386	4
37	117
368	315
453	264
73	152
125	159
266	357
163	115
470	391
260	7
324	128
184	221
379	121
168	42
72	125
1	154
221	119
388	293
175	22
39	76
388	133
365	446
132	59
81	279
119	139
169	391
83	230
272	284
139	81
105	76
440	186
370	137
97	418
284	137
3	97
57	248
266	285
133	339
216	264
359	230
35	241
174	173
233	91
22	260
173	247
285	128
83	353
93	360
395	241
470	330
37	22
284	98
324	357
77	416
22	278
64	368
417	15
81	215
230	216
241	401
470	168
334	435
116	450
128	258
184	73
185	32
388	233
447	257
117	69
93	221
465	157
315	96
432	247
230	125
59	353
351	313
374	401
188	83
232	280
425	53
345	424
70	253
212	153
313	198
129	491
357	76
305	130
216	394
313	116
231	345
71	131
128	453
315	216
17	241
159	133
418	69
403	241
92	323
331	129
124	330
329	280
4	68
231	133
186	379
280	212
7	174
177	217
450	418
446	285
458	386
370	37
74	158
210	447
416	284
354	496
259	407
68	168
105	130
465	176
403	173
360	470
175	130
83	62
68	132
368	277
174	395
152	487
316	295
285	343
312	359
216	32
230	186
447	200
175	351
54	364
386	114
465	113
186	137
315	487
116	325
1	388
279	54
403	233
386	221
309	387
79	336
416	453
233	137
401	81
354	446
418	68
453	132
284	403
136	206
186	222
129	324
83	187
319	76
217	474
376	102
72	313
49	284
73	357
37	444
133	313
401	158
102	487
286	258
85	231
98	435
81	127
390	315
230	73
265	74
427	53
233	395
323	364
132	391
284	154
364	216
353	233
62	96
200	233
73	285
137	91
351	284
216	186
427	57
119	22
125	285
329	290
365	366
206	240
91	323
83	306
417	324
278	168
364	360
185	212
329	154
73	176
133	386
498	133
93	129
168	109
91	88
272	305
133	57
188	212
157	483
22	133
217	241
116	212
96	175
483	330
10	376
181	288
62	147
139	446
487	59
125	465
181	313
360	89
383	197
465	357
37	125
57	130
102	68
339	427
147	216
185	365
91	23
427	212
349	188
3	125
450	49
334	133
153	68
137	152
391	232
77	401
392	395
252	114
202	188
260	395
98	198
220	328
83	241
221	137
7	124
285	284
324	416
9	63
91	450
353	280
91	129
97	355
130	188
77	186
28	285
487	132
237	458
315	210
403	76
169	154
200	208
305	133
119	453
315	186
119	153
199	21
9	259
147	435
23	386
57	64
163	284
177	153
70	186
90	258
98	330
436	168
313	200
407	49
116	81
133	81
272	124
1	117
221	149
91	221
386	201
129	315
136	260
284	109
305	305
144	370
1	386
365	122
22	284
482	68
198	285
85	6
198	184
386	66
98	391
168	1
88	83
259	424
132	395
284	105
169	3
152	186
79	128
258	450
144	200
386	425
370	186
157	260
411	241
368	403
137	236
470	186
50	416
49	91
173	232
411	159
483	117
334	145
357	241
105	129
233	136
74	20
230	214
123	185
175	159
1	230
188	491
132	188
490	368
98	165
303	125
28	241
238	10
470	370
66	23
376	129
102	152
139	212
231	359
73	374
200	79
147	233
483	192
173	147
444	328
42	379
54	127
323	176
159	368
280	241
339	7
188	313
10	147
334	418
389	37
68	53
487	201
124	146
266	71
42	357
168	357
315	357
233	127
206	186
62	246
105	117
124	175
58	480
132	232
168	113
91	278
7	491
241	285
165	313
284	458
230	418
315	285
334	152
490	376
158	30
6	98
148	419
470	453
93	76
206	357
125	98
169	221
168	233
359	132
230	33
89	168
9	58
334	73
351	370
195	120
288	105
252	366
306	68
132	343
174	315
305	84
116	406
168	136
6	199
23	313
468	35
260	244
91	315
486	232
279	45
35	260
266	54
12	188
357	162
322	159
483	285
230	91
233	222
266	57
128	458
169	359
6	483
357	452
379	470
147	425
117	186
22	453
130	133
185	453
168	401
214	114
418	386
343	328
221	153
47	418
285	133
267	152
149	486
359	334
152	250
49	267
136	116
440	437
83	188
351	78
90	119
84	266
284	64
145	97
331	364
221	341
12	171
241	453
214	146
119	35
184	137
230	66
470	175
70	116
232	458
221	425
458	212
413	105
57	278
153	42
258	95
452	97
169	127
97	61
23	152
325	84
41	116
81	366
290	386
186	395
4	290
490	453
323	81
36	284
232	447
28	106
114	260
165	133
486	88
108	453
25	348
285	260
98	210
313	23
313	424
83	285
146	360
64	221
351	168
10	42
102	200
447	433
125	103
80	158
128	447
440	309
168	133
263	105
395	188
494	267
173	427
119	116
230	305
427	284
176	16
305	232
221	359
390	324
233	109
362	383
168	147
70	211
105	137
77	42
133	483
465	280
141	185
37	383
153	491
438	286
395	386
10	447
117	343
296	357
260	313
305	94
365	212
83	184
77	391
74	418
221	185
315	325
197	397
383	214
119	81
128	175
171	42
313	185
305	98
354	260
428	477
70	284
50	305
145	232
98	37
482	358
168	302
255	74
90	10
186	22
22	285
233	370
391	334
199	168
54	201
93	305
188	241
443	88
368	395
315	50
6	64
392	185
290	168
221	177
1	370
73	232
494	50
31	74
210	328
370	258
284	95
376	168
324	334
446	88
386	285
365	96
425	355
188	370
171	416
391	241
486	174
188	98
364	330
381	68
127	7
458	68
200	488
130	106
179	433
232	145
48	188
232	77
379	25
498	465
104	71
210	295
350	119
53	259
328	376
81	353
127	68
124	355
10	351
463	290
169	416
133	117
116	416
416	54
233	266
83	125
57	427
428	108
309	116
395	82
38	1
137	68
188	215
226	444
395	168
260	280
453	136
284	447
130	482
69	59
231	96
233	375
185	127
233	25
364	98
395	232
10	158
241	266
286	401
483	256
266	284
119	173
176	217
132	468
9	99
212	368
137	111
97	76
376	108
116	251
138	136
173	216
315	157
446	422
185	232
185	305
233	483
351	230
119	214
448	328
447	114
185	360
313	284
188	16
259	95
115	189
105	1
171	70
258	68
403	435
265	152
278	23
23	7
272	177
490	194
305	284
168	407
116	117
458	103
68	233
157	42
202	68
215	62
113	264
267	331
376	76
285	173
188	375
491	23
102	272
114	200
127	395
185	158
267	345
247	474
105	403
360	53
171	81
231	286
447	385
457	185
143	174
284	313
151	137
196	289
343	177
117	315
221	280
120	258
71	284
368	439
130	139
233	145
13	446
29	29
427	476
98	221
278	133
465	119
364	97
98	91
413	313
37	424
200	73
221	413
315	128
279	186
305	104
491	9
206	154
258	98
373	212
6	313
0	113
364	94
151	258
174	128
125	42
272	186
353	360
117	406
280	177
427	206
258	7
212	232
221	486
74	216
1	102
9	4
206	113
13	83
37	155
334	176
71	324
395	453
167	84
425	68
23	487
173	248
185	25
146	97
102	168
58	127
450	433
28	131
77	146
221	313
9	258
39	84
284	176
129	458
187	221
148	365
416	216
22	334
364	280
102	241
483	168
159	343
30	98
391	324
175	418
185	49
49	221
91	98
49	230
34	296
188	91
353	53
280	10
116	376
284	449
376	136
54	98
315	416
147	357
264	286
221	50
416	451
168	128
424	313
260	324
285	130
129	453
169	345
285	109
401	39
29	49
463	216
232	258
68	188
116	200
129	470
259	168
343	116
413	364
152	168
176	62
232	376
117	386
124	188
153	383
226	132
105	391
133	105
458	447
334	42
204	146
157	100
174	376
102	91
452	133
113	421
391	176
137	84
127	278
257	81
386	392
159	91
440	425
258	233
416	348
389	432
381	364
129	80
153	416
395	144
313	280
42	58
313	359
74	490
6	315
280	132
416	98
447	83
360	370
10	323
130	447
85	360
132	125
313	158
309	185
188	132
125	1
81	66
174	427
130	446
446	403
185	116
483	376
331	388
313	58
98	376
233	305
137	418
313	436
285	119
173	120
266	76
113	230
391	129
117	175
388	14
313	129
233	176
395	124
231	261
105	105
176	331
176	241
435	168
413	305
212	23
195	154
188	258
305	57
290	124
483	162
266	117
230	330
355	117
81	74
386	401
77	360
124	258
185	168
9	272
98	315
392	331
267	329
474	133
345	185
392	416
386	39
167	383
175	81
368	305
188	20
463	46
171	102
66	233
222	418
9	83
7	168
284	185
29	188
453	9
137	465
153	168
416	279
50	231
232	176
3	326
241	315
165	102
105	22
427	168
212	238
159	132
217	7
230	383
285	490
188	3
185	200
146	241
359	18
284	28
119	285
284	62
313	144
266	313
144	463
137	23
64	403
168	212
416	433
230	159
278	386
132	117
416	313
91	26
102	37
210	125
396	329
221	206
120	25
6	15
10	446
370	232
447	403
125	343
83	329
383	221
391	73
70	403
153	188
188	440
487	366
113	91
124	245
71	285
171	3
119	272
117	313
260	226
216	146
486	418
147	458
487	352
168	3
231	448
214	139
230	185
6	427
230	491
215	29
38	388
197	355
119	321
109	355
176	127
206	307
232	132
185	411
159	492
215	53
74	14
184	284
77	168
132	248
132	158
241	448
427	241
42	35
57	233
389	284
351	147
258	221
37	233
44	416
413	175
115	364
386	446
97	10
260	286
279	328
85	42
386	233
184	450
376	182
458	184
210	357
313	259
350	210
403	45
324	233
96	284
84	313
25	91
134	21
169	210
241	446
258	145
425	198
158	265
494	413
258	430
85	315
79	83
212	132
105	259
313	102
58	425
53	267
168	217
357	88
286	106
360	138
49	120
423	23
3	453
194	146
403	88
201	128
128	330
284	331
416	74
285	174
153	429
231	446
196	487
487	259
173	334
416	418
168	163
147	359
174	116
146	355
0	285
184	185
446	418
128	168
22	83
339	69
157	241
83	453
116	476
177	403
91	136
328	125
180	487
143	416
10	128
84	348
272	205
264	68
6	105
343	96
116	403
370	230
7	388
98	81
20	79
319	152
233	241
433	39
360	113
154	348
166	22
188	22
453	258
29	453
184	8
128	206
285	360
136	8
448	1
77	98
413	37
379	130
352	20
91	453
132	133
188	458
241	316
129	313
49	171
160	258
452	153
221	424
77	446
10	427
132	433
258	232
139	386
186	97
133	88
23	324
396	233
49	285
233	116
309	447
39	305
96	176
231	216
379	390
22	416
147	231
130	185
84	120
145	305
280	357
168	386
72	278
115	214
343	130
130	147
280	324
313	453
403	81
487	70
124	435
184	316
470	331
221	352
232	64
487	486
315	66
386	260
20	278
305	195
93	7
168	174
221	403
388	290
127	42
416	379
365	152
425	85
386	211
93	328
130	216
22	487
381	42
88	368
180	117
390	395
425	231
353	343
386	74
260	357
3	315
185	81
468	9
285	481
147	133
125	231
330	280
188	418
42	354
52	7
212	305
149	416
416	358
64	313
93	483
313	490
366	68
104	232
230	50
132	284
174	253
185	137
365	425
144	221
257	6
334	216
66	258
395	98
463	324
386	487
210	395
364	10
216	176
185	328
481	269
331	285
184	23
188	353
260	360
315	230
353	447
133	146
433	465
430	136
230	154
146	7
74	32
133	39
416	81
359	305
136	223
153	154
164	390
221	117
88	188
77	348
233	83
7	206
173	88
375	452
416	212
91	233
282	210
62	448
119	470
54	416
62	105
57	221
458	158
447	450
133	214
48	280
132	490
117	128
375	368
139	147
231	425
85	188
30	217
88	364
343	22
313	124
231	105
215	427
331	231
305	223
370	149
82	271
200	296
401	151
176	91
452	13
388	128
20	97
216	285
93	285
147	285
266	448
185	71
38	140
137	255
91	407
296	303
215	50
124	453
315	206
66	137
74	386
258	186
97	68
104	260
97	140
285	214
22	64
354	386
252	50
483	241
1	70
152	98
37	284
391	313
129	68
185	440
359	241
447	368
446	446
6	206
115	74
130	486
145	117
128	102
188	133
13	331
284	45
9	389
379	260
447	353
260	343
463	487
147	117
136	58
96	446
147	247
6	433
147	212
477	414
147	105
389	173
113	465
230	249
77	328
1	416
330	168
7	128
413	343
305	39
53	165
185	286
156	313
490	85
416	25
210	416
68	296
214	305
221	370
359	91
313	416
188	102
436	313
110	145
66	360
313	386
84	230
265	23
296	458
83	159
25	305
490	184
231	169
210	315
70	168
450	232
221	124
70	286
433	328
357	78
241	97
98	272
284	364
20	388
355	70
315	125
427	129
470	397
487	35
171	216
68	328
153	64
81	147
20	9
427	105
364	361
144	278
144	413
491	440
232	355
68	284
132	437
364	453
214	185
93	487
176	53
201	305
79	71
186	386
259	69
70	39
232	440
114	232
129	98
232	91
470	188
413	23
129	375
210	463
360	30
28	382
83	7
366	425
128	22
440	310
353	272
115	83
169	395
4	401
330	359
127	129
132	216
127	231
279	173
91	188
7	73
381	129
315	376
64	231
1	355
3	110
452	370
29	168
184	6
117	359
258	258
233	45
366	153
474	200
343	117
258	39
20	223
284	359
214	433
13	389
285	144
147	7
117	84
91	325
230	334
217	206
93	272
58	162
98	230
386	447
168	117
284	446
215	132
188	59
231	241
173	117
230	215
81	83
130	290
370	9
10	74
15	36
392	428
458	458
345	200
266	7
174	182
117	323
272	447
416	487
206	447
185	83
416	215
324	232
383	233
169	305
386	241
266	328
258	181
435	127
157	7
68	85
13	270
216	401
37	6
285	233
145	91
374	258
206	386
116	232
117	215
37	319
483	232
114	176
296	305
231	468
322	128
395	104
331	428
309	482
357	290
139	486
165	463
117	146
313	315
29	483
138	214
175	331
266	383
74	115
212	453
159	395
258	45
128	483
324	490
81	68
265	278
486	16
133	1
133	37
285	20
331	230
258	279
230	35
64	175
360	124
120	397
104	474
124	369
70	212
103	97
117	108
47	3
180	188
55	470
232	167
272	452
221	253
364	397
37	173
339	4
232	49
470	313
12	231
432	74
305	325
360	376
117	264
280	58
450	416
50	315
358	20
83	305
168	53
483	1
137	334
447	313
391	376
272	152
137	265
232	37
184	1
186	425
185	117
398	313
223	3
231	324
290	192
1	428
416	102
83	260
9	105
386	264
6	435
93	241
73	54
270	57
73	70
491	57
285	242
353	216
127	50
355	206
186	233
169	128
241	57
133	119
258	216
85	370
212	221
355	391
210	159
185	461
433	357
313	286
4	383
113	418
153	241
315	364
212	413
286	29
154	216
231	486
286	416
231	91
117	173
38	49
258	50
177	280
215	215
206	416
104	395
215	176
383	313
184	200
38	124
230	42
119	68
88	105
109	10
381	334
375	290
77	202
386	127
306	447
392	323
278	53
260	4
258	357
425	177
188	144
282	305
266	418
285	418
105	133
258	143
315	334
353	416
9	215
147	315
452	328
186	45
68	313
74	129
98	130
355	468
184	207
334	260
186	388
116	185
424	216
233	388
117	177
7	418
91	391
153	230
123	440
108	91
458	258
6	88
386	42
198	280
73	443
47	233
418	62
315	43
93	304
105	199
262	76
81	383
188	360
280	452
97	323
343	176
188	416
313	216
319	258
272	117
266	50
403	444
260	137
411	157
125	233
93	200
150	85
70	169
258	398
440	315
74	63
66	210
395	35
258	184
266	201
435	425
188	168
401	133
119	403
184	433
13	53
214	50
290	200
88	435
368	368
470	23
113	128
116	233
147	490
259	105
188	10
487	312
158	137
470	400
132	49
147	124
169	230
98	132
129	48
285	25
147	258
296	23
105	498
83	472
447	324
483	231
280	412
231	146
463	228
177	146
360	102
133	383
272	79
313	137
53	416
137	120
221	223
204	133
130	325
132	313
186	39
10	197
64	117
453	175
443	186
383	37
176	98
176	184
319	46
10	98
252	6
125	258
147	167
279	10
68	319
116	241
184	194
272	23
366	77
221	260
427	278
494	416
233	71
343	312
165	216
285	296
435	200
360	246
368	233
334	401
12	313
416	39
105	73
84	221
498	285
68	13
137	247
359	286
22	380
98	180
305	355
231	188
425	132
217	231
212	128
221	221
212	146
328	395
231	98
123	212
186	1
448	77
260	272
168	29
285	334
124	83
416	105
373	416
29	498
231	200
133	318
104	103
285	156
413	231
128	173
73	258
174	313
98	85
130	360
376	440
212	95
214	37
359	386
272	395
416	186
258	78
305	132
315	393
355	290
128	7
364	265
324	78
71	458
168	371
133	97
290	154
53	238
146	448
360	447
195	272
133	59
159	168
392	241
186	23
23	25
416	144
10	177
465	210
83	29
175	136
452	114
29	84
392	355
401	376
146	305
201	313
260	10
44	433
96	285
175	128
57	176
146	98
168	79
152	285
482	418
69	284
36	184
77	395
66	324
53	260
200	168
330	284
7	397
133	376
258	173
210	259
284	427
386	349
290	448
168	221
284	351
361	487
231	395
305	176
368	355
188	368
125	124
83	10
284	221
129	260
386	136
215	234
29	173
74	77
158	453
427	81
153	418
14	230
47	490
296	263
58	398
353	375
83	168
453	168
62	74
286	132
125	401
452	341
324	147
361	388
417	206
424	334
486	167
132	10
212	45
201	8
14	93
102	437
343	233
6	357
490	25
176	284
29	98
185	39
231	70
233	290
316	267
137	324
147	334
195	13
98	416
284	76
105	85
68	351
386	176
376	420
212	206
117	144
218	395
313	136
315	452
228	98
230	313
127	127
233	285
263	296
221	232
241	230
284	379
152	42
278	116
132	267
133	348
62	389
376	88
280	368
69	171
425	424
68	416
185	76
53	465
38	127
7	149
115	267
284	144
241	416
50	33
48	478
117	247
233	360
88	212
232	4
360	178
168	132
10	413
268	132
360	119
280	57
232	416
23	285
168	10
29	241
137	5
343	474
334	129
42	133
138	130
54	407
280	130
114	271
487	146
64	174
285	37
486	128
175	206
309	313
267	353
50	446
305	194
241	16
148	324
241	433
144	357
474	169
260	119
453	289
185	78
383	376
73	206
355	157
470	206
233	258
286	465
357	53
98	453
153	231
81	175
97	36
64	286
147	152
329	286
329	147
265	258
174	130
231	403
20	68
436	188
116	98
468	132
127	284
351	231
179	324
64	108
450	483
364	364
186	91
212	20
260	6
174	83
260	323
130	470
339	389
22	498
424	490
145	111
359	173
168	375
168	313
345	330
368	313
334	315
130	440
231	230
284	487
94	388
6	258
425	93
411	330
351	206
221	167
395	147
98	216
416	368
137	217
435	31
58	376
231	25
77	453
433	98
154	93
258	91
132	416
272	105
10	370
345	176
31	219
361	53
258	115
285	230
446	37
98	98
184	233
315	83
98	293
483	25
413	323
212	313
365	106
266	200
435	324
285	97
260	446
105	3
174	152
313	10
324	6
7	123
360	20
199	458
279	284
98	360
413	285
233	146
97	486
212	391
173	260
105	206
233	120
77	185
392	168
465	7
259	102
81	188
433	83
10	284
253	159
284	81
136	184
176	364
280	35
330	364
188	359
39	68
58	188
74	403
212	175
319	427
368	359
290	357
168	494
355	168
221	1
222	102
458	37
284	440
427	386
266	271
88	175
212	119
104	331
412	151
233	212
483	490
305	64
487	217
57	113
89	452
70	102
206	128
296	53
487	268
137	241
418	132
184	68
173	482
146	22
84	124
197	474
97	114
81	230
102	64
177	232
375	91
186	128
216	3
335	212
123	388
278	241
185	1
284	54
39	210
57	315
34	230
231	128
128	73
210	39
334	153
360	319
315	241
284	401
424	271
116	108
390	124
435	10
316	241
50	453
22	386
7	147
6	120
285	39
458	446
132	386
423	102
83	343
288	258
383	73
32	7
271	16
156	146
285	145
258	29
7	85
267	168
4	416
376	437
186	146
6	7
53	126
7	389
284	280
487	81
70	82
105	386
116	231
137	258
234	474
286	498
435	407
323	416
6	22
105	37
428	319
269	416
137	39
158	127
386	483
424	486
49	54
473	23
258	474
411	168
278	46
221	20
162	448
84	147
416	69
217	102
232	379
230	146
130	79
233	173
3	88
444	324
334	365
483	73
391	446
97	285
74	137
430	343
357	104
132	68
230	105
93	57
286	261
226	446
284	173
221	233
418	77
465	137
28	83
130	98
109	152
73	401
13	427
132	241
272	401
105	195
6	66
53	469
351	133
37	259
315	73
124	59
105	331
230	241
89	260
13	105
74	272
114	233
127	184
359	169
49	379
230	452
483	360
458	334
54	49
185	357
379	83
147	221
4	185
133	440
305	83
152	137
432	174
440	53
173	360
176	167
376	184
364	139
104	494
416	386
265	446
284	286
195	418
119	383
258	85
105	370
425	2
97	360
296	186
124	152
124	97
334	186
447	416
233	144
152	397
147	416
188	130
30	206
149	427
85	151
174	129
97	483
174	188
285	313
435	98
116	375
494	188
145	316
351	258
427	280
136	119
424	69
212	272
54	446
42	331
290	128
364	91
9	448
37	486
184	70
427	169
77	137
233	175
425	49
77	385
105	70
418	137
226	106
212	53
168	145
285	10
360	117
420	241
42	98
167	185
7	175
48	137
62	494
114	66
91	119
37	152
305	188
23	206
119	392
440	267
53	123
129	183
259	360
132	305
284	259
284	413
324	45
315	98
215	232
413	125
127	259
463	97
184	305
416	136
324	447
129	116
117	378
230	22
68	117
370	316
167	143
470	452
70	267
416	395
68	97
81	360
221	2
386	364
453	98
221	432
355	53
184	241
296	212
228	154
278	425
241	83
195	188
315	389
81	395
471	136
453	406
69	216
315	84
284	174
368	188
154	73
388	23
49	364
174	20
465	425
359	285
198	198
105	168
364	446
13	42
6	343
81	186
83	416
339	306
215	116
290	353
486	435
171	57
117	453
463	186
278	313
188	279
478	1
168	116
313	98
174	239
105	104
360	241
185	46
305	426
116	424
474	459
198	425
200	147
42	186
258	433
319	486
119	258
383	140
154	33
184	91
416	483
130	266
173	198
83	258
458	147
453	407
371	146
487	219
483	424
83	330
102	323
168	236
185	57
10	152
324	212
212	233
147	329
424	272
7	117
42	157
305	91
258	397
358	144
285	53
339	487
168	131
233	366
136	93
288	396
25	98
345	194
129	9
185	53
119	259
447	319
173	68
313	39
70	132
116	5
425	159
221	231
329	452
305	478
139	330
330	129
154	253
277	76
214	233
418	201
360	184
315	188
9	343
233	89
258	447
278	138
168	105
36	305
188	186
186	198
231	221
206	51
270	98
284	452
158	105
129	170
6	173
9	288
375	388
53	231
330	188
10	136
416	173
102	284
285	137
147	452
90	188
157	433
427	221
416	91
267	84
313	375
132	260
37	84
364	334
470	45
232	73
331	88
102	365
117	286
296	416
92	324
136	233
386	144
486	357
323	91
470	88
103	286
334	66
124	185
54	54
184	171
174	233
206	42
376	37
176	395
418	233
148	357
263	315
389	53
342	238
470	74
184	403
258	102
127	413
323	258
184	17
221	125
81	129
285	68
157	390
84	68
489	453
0	324
323	23
158	233
188	35
278	200
53	93
231	418
487	370
6	216
49	446
128	81
120	253
264	411
474	253
353	427
278	231
201	284
413	113
233	79
74	185
260	284
486	446
453	125
241	114
83	313
127	221
185	241
168	286
185	379
446	453
7	102
425	315
69	68
486	147
440	231
169	233
169	411
177	6
89	125
10	138
324	39
230	136
29	376
171	145
32	440
133	285
452	487
53	284
53	305
129	364
324	116
159	25
379	364
486	282
37	347
313	425
284	391
81	81
97	395
105	186
58	285
184	96
403	117
185	176
433	486
284	448
23	318
127	313
173	71
169	23
357	463
241	284
360	219
351	153
233	260
28	365
185	483
113	176
474	206
159	173
266	39
260	447
290	188
342	128
427	313
285	221
105	360
290	42
454	91
446	116
334	241
313	496
148	331
266	370
230	173
285	416
345	168
73	433
105	132
319	58
125	446
232	386
50	68
458	114
305	440
386	153
357	73
233	233
231	174
98	117
440	73
145	482
44	153
313	70
284	188
105	483
379	471
88	260
119	241
119	147
176	151
84	258
98	168
379	128
310	42
119	185
231	474
22	230
232	71
6	168
368	81
427	73
230	416
280	272
156	210
185	343
71	403
198	45
425	130
386	266
119	143
175	91
32	98
231	313
207	221
232	68
89	404
284	125
13	117
330	483
233	324
168	368
491	128
214	416
168	81
116	136
0	157
357	315
403	8
233	149
116	53
0	174
7	447
284	214
93	168
458	364
188	328
92	2
468	184
133	458
56	285
232	343
132	94
345	248
39	168
97	66
105	313
112	104
323	144
240	27
138	453
188	238
331	477
188	185
85	76
266	36
175	146
324	185
258	185
425	102
165	91
114	391
376	89
364	70
10	120
425	174
339	20
90	28
395	418
174	258
98	375
375	313
453	70
132	482
280	120
433	370
147	164
247	470
24	117
450	81
127	331
315	129
154	186
55	212
119	486
230	397
194	69
212	143
125	200
383	458
413	416
130	117
354	175
73	185
102	285
453	45
305	233
172	219
75	201
129	132
376	70
392	290
221	366
200	188
313	494
212	29
386	8
376	296
35	139
233	46
66	296
6	73
272	58
116	186
188	184
23	499
81	313
258	164
280	463
6	184
355	164
231	259
284	483
403	453
214	44
128	133
3	119
435	483
456	1
315	23
10	360
37	388
324	215
92	37
130	352
453	115
74	313
233	446
158	74
161	494
185	498
425	370
145	360
117	413
119	498
427	98
315	305
284	360
10	97
360	29
29	136
153	113
42	449
331	435
447	39
147	184
98	342
173	265
284	1
130	285
7	446
313	328
69	146
305	376
184	7
4	413
296	26
74	212
196	117
159	152
84	200
474	285
167	81
162	81
173	91
6	137
233	174
437	176
427	185
482	10
70	98
62	313
114	478
5	286
136	129
359	84
483	93
233	57
329	486
395	202
241	397
212	117
357	470
267	117
54	96
186	173
280	98
20	357
85	186
37	440
266	103
22	331
458	132
278	400
324	286
425	114
129	399
483	233
6	185
284	91
285	83
212	37
233	313
201	106
120	206
214	278
376	359
330	50
96	370
175	416
230	370
129	447
437	105
184	482
98	77
309	490
188	435
169	397
272	83
124	387
168	353
360	185
136	210
83	152
221	174
28	425
284	416
184	388
133	258
114	331
284	51
163	147
136	70
353	226
425	470
334	334
403	313
70	288
343	45
258	26
146	319
355	57
413	427
167	285
233	279
233	386
147	474
79	313
84	298
150	365
305	315
212	424
324	486
231	88
221	180
20	119
284	390
232	119
231	176
133	216
132	309
125	62
93	198
128	353
452	176
319	416
375	247
416	153
214	42
487	330
390	427
185	23
120	365
450	82
120	305
217	47
315	286
386	416
351	428
174	216
444	445
390	305
278	152
201	330
1	186
153	137
83	6
357	284
290	233
119	146
285	74
284	136
91	105
129	416
7	33
417	98
152	435
133	418
129	91
315	290
270	427
241	70
465	215
144	364
364	260
55	117
124	53
186	186
68	386
418	285
285	382
130	91
7	453
266	298
176	119
427	74
98	68
296	453
483	116
73	360
448	221
361	182
12	215
215	66
177	392
137	323
266	342
339	127
241	6
20	285
343	71
117	221
284	57
129	7
206	92
355	132
448	35
36	272
186	376
386	67
200	433
440	165
56	446
270	116
334	413
284	7
355	260
339	42
149	296
6	403
386	453
176	359
345	139
319	81
395	201
129	47
463	241
433	132
418	121
176	232
91	329
42	23
458	328
48	162
175	368
487	174
386	259
0	1
94	420
221	200
487	105
351	427
487	165
305	147
315	37
49	84
68	407
470	305
424	411
231	233
7	144
98	20
124	217
395	230
330	185
214	366
53	37
83	412
177	127
389	47
162	450
350	133
359	151
351	79
68	83
73	85
498	230
270	325
124	200
31	152
487	58
447	117
9	271
37	482
494	425
37	98
102	29
79	376
375	339
416	6
230	188
83	315
49	212
407	184
215	284
432	102
270	146
168	176
146	435
416	129
15	79
174	447
290	212
93	132
416	130
490	1
483	147
452	1
116	105
130	277
343	68
339	315
176	75
296	81
210	272
74	64
7	98
483	15
305	258
105	355
177	10
49	470
353	184
74	35
188	284
230	284
159	232
108	388
386	403
136	7
413	79
425	376
70	137
285	446
351	315
482	51
66	285
330	368
153	265
81	35
82	153
53	331
392	498
454	305
144	313
241	125
364	81
468	329
37	68
147	78
119	53
329	98
258	73
98	116
186	231
313	343
71	366
37	55
319	223
470	42
416	162
259	53
88	313
280	117
110	313
221	353
119	70
313	233
129	207
168	171
176	84
84	6
284	37
146	412
216	416
184	427
278	105
315	29
206	376
185	416
272	357
315	88
234	66
168	447
266	153
379	28
446	39
425	84
128	116
117	105
359	70
133	334
147	85
284	168
97	386
153	395
174	184
91	186
313	162
1	265
232	133
132	212
68	247
339	185
81	29
395	470
420	9
73	84
158	366
91	416
146	212
96	168
232	185
403	36
58	133
284	498
186	84
186	212
116	124
70	176
43	331
368	152
413	116
137	42
486	216
401	117
365	233
230	279
133	70
487	232
133	153
358	107
53	85
330	167
144	365
324	376
376	180
69	47
433	184
418	102
215	360
70	36
74	69
334	168
128	321
303	188
93	184
10	231
85	116
210	370
73	188
357	186
83	157
70	124
117	224
280	49
105	296
343	58
7	241
375	93
127	233
260	305
133	137
115	403
184	177
83	158
85	267
416	331
361	130
280	85
30	125
174	330
0	130
3	71
277	453
83	376
57	68
313	360
116	265
173	217
146	73
79	212
463	153
355	343
284	184
368	6
30	411
147	98
230	10
315	91
487	186
144	185
85	226
185	266
474	386
127	117
264	383
114	30
329	206
375	79
272	13
241	370
152	171
151	188
49	313
483	334
465	376
102	343
185	414
440	117
66	173
29	145
97	233
290	161
79	68
260	53
102	425
498	2
25	108
230	415
188	231
241	133
98	173
450	350
221	230
272	313
13	358
93	418
266	364
458	176
284	490
114	359
133	98
83	331
425	285
267	416
129	35
425	148
184	232
142	188
233	95
129	278
498	68
57	43
324	129
125	74
258	153
465	136
232	401
88	136
326	68
285	45
173	188
99	395
490	117
376	272
116	119
395	284
148	435
487	233
364	241
452	418
74	446
214	98
406	305
22	10
188	321
432	162
453	328
91	69
53	370
176	413
81	305
7	146
105	315
483	105
413	315
84	100
73	453
386	271
386	274
130	49
315	474
158	407
284	22
130	77
30	37
6	79
55	270
169	313
452	315
212	88
325	66
185	494
91	10
370	94
272	98
119	105
128	446
266	98
391	88
1	9
206	171
230	102
360	186
74	483
486	224
285	366
285	22
190	380
388	53
1	260
232	144
96	22
136	232
272	210
258	388
138	129
171	453
98	129
388	184
7	1
284	132
174	365
198	93
241	116
221	7
71	165
425	139
98	232
105	441
62	230
73	132
116	37
117	223
358	130
232	146
260	366
62	77
98	74
133	284
50	29
129	296
386	98
258	83
370	97
174	105
351	76
365	149
488	305
447	212
175	186
490	264
210	241
210	23
168	331
120	104
343	383
186	206
486	98
171	487
447	221
68	354
491	450
177	483
93	45
124	466
228	116
63	74
175	64
25	29
259	241
210	64
357	433
413	169
490	212
345	368
10	375
296	474
157	440
79	7
50	129
368	57
130	149
230	77
175	168
425	353
168	305
157	465
271	453
230	132
98	53
100	22
358	132
177	59
353	354
146	491
70	153
97	286
10	168
383	448
489	6
39	105
356	257
139	487
498	217
200	1
13	4
105	330
413	63
272	433
169	79
184	328
102	486
129	124
53	133
91	91
128	35
186	232
214	20
210	120
188	104
28	74
315	365
416	10
133	302
258	76
368	241
315	359
368	379
88	71
268	168
98	1
81	272
403	28
214	147
386	96
74	117
1	130
284	386
66	215
391	447
395	1
345	231
453	119
368	353
136	330
159	78
326	487
152	136
81	36
357	423
153	136
216	315
22	215
16	97
266	417
339	3
402	290
91	296
4	379
130	45
175	98
487	267
105	334
264	188
198	395
465	375
188	37
392	268
188	74
148	364
116	42
42	2
7	83
12	104
446	315
212	129
302	39
53	68
22	483
433	360
285	1
185	70
280	370
132	450
458	117
453	129
285	129
147	68
74	366
168	260
376	397
233	231
212	339
3	47
144	248
313	188
130	241
132	83
280	23
230	104
117	446
147	91
403	403
319	316
58	284
286	343
398	177
267	132
132	446
119	50
24	216
376	98
130	416
116	132
343	39
77	69
0	370
174	259
413	288
47	154
233	12
413	6
188	175
265	10
386	206
199	231
1	233
305	74
129	147
75	351
97	62
233	453
154	13
127	137
418	105
418	379
370	339
453	83
147	417
74	95
355	140
212	230
413	173
364	498
10	485
9	313
386	184
226	188
286	375
257	272
386	267
186	153
152	324
50	137
73	76
370	453
216	124
175	133
264	444
30	491
49	117
125	286
354	173
133	221
145	331
147	188
185	216
284	133
231	370
124	49
64	116
355	158
125	447
119	375
186	136
1	315
221	286
99	386
438	383
63	267
416	424
3	10
359	357
280	184
370	70
154	128
365	119
474	147
7	492
57	483
334	284
125	215
1	1
154	98
305	413
200	458
305	78
456	29
420	85
7	487
241	147
180	54
280	234
147	29
264	6
133	73
185	177
270	212
22	232
119	186
284	49
22	360
103	168
257	339
154	117
334	206
323	486
7	435
98	136
368	470
188	498
93	355
54	465
119	279
395	324
188	383
175	270
342	395
49	23
98	440
383	453
130	68
451	117
185	124
231	285
210	83
117	370
233	76
132	152
83	365
73	214
368	125
188	1
230	226
357	418
127	188
6	214
293	153
260	106
22	186
361	168
7	91
184	334
453	269
132	334
144	92
290	447
48	450
113	39
388	446
176	483
413	137
174	10
81	486
230	486
474	59
331	117
241	465
214	494
418	486
452	452
91	152
206	70
355	98
280	84
147	366
350	186
360	91
91	232
386	258
233	359
38	165
395	375
70	397
169	74
486	43
73	44
364	279
441	284
42	269
334	446
1	391
36	453
413	359
330	357
440	98
215	315
284	108
221	76
52	313
10	123
168	121
98	133
147	157
74	98
425	290
198	233
129	146
98	104
176	147
416	280
285	271
381	168
260	176
89	10
221	258
446	221
77	390
13	128
424	386
386	331
159	3
184	10
83	464
149	212
9	418
284	39
68	482
116	177
84	416
117	136
83	348
230	364
22	168
456	445
258	242
285	168
266	402
57	343
305	447
129	133
448	334
31	147
313	1
401	144
36	407
105	284
57	446
395	71
217	73
470	133
0	144
117	117
74	30
153	200
324	358
483	453
77	147
53	232
381	154
28	407
285	125
53	91
147	186
425	28
68	370
113	221
173	200
418	1
92	241
98	347
156	85
481	119
168	448
487	124
257	128
132	99
28	176
184	313
280	334
117	260
241	117
132	98
1	116
446	376
124	357
232	59
260	149
446	98
37	23
22	376
81	258
263	117
98	267
198	185
290	130
221	453
186	313
20	49
376	232
231	376
147	125
446	427
117	1
128	125
230	37
97	58
22	465
139	433
102	453
173	7
212	494
284	216
184	175
329	231
74	402
56	20
154	148
212	416
370	64
29	91
80	98
129	230
452	284
364	176
146	164
458	425
173	386
177	453
266	265
153	6
37	66
3	98
271	70
176	450
9	22
152	37
98	73
260	129
133	168
265	391
368	407
137	133
383	105
490	7
98	313
169	290
173	313
391	147
32	42
50	100
174	56
98	128
147	450
305	324
119	230
64	230
4	436
176	78
266	453
395	22
375	221
206	212
68	366
132	315
233	216
57	46
1	221
384	83
151	206
147	210
85	453
133	7
285	403
171	46
148	358
483	296
132	7
345	386
3	494
350	427
230	45
48	168
427	153
313	64
186	154
386	31
146	424
68	418
325	376
343	147
290	446
215	270
305	200
119	176
386	117
117	81
130	476
81	117
97	152
136	79
343	471
105	184
265	259
175	169
47	285
375	105
330	395
232	446
386	418
315	7
284	370
146	386
74	154
490	81
458	389
73	259
453	417
98	175
360	428
231	184
351	216
168	23
266	286
74	419
258	452
6	130
136	37
102	483
198	453
230	251
188	124
10	159
411	1
147	58
403	305
221	13
386	137
440	453
0	258
315	8
148	91
425	458
383	125
62	13
185	174
206	57
345	68
74	258
152	498
349	416
284	212
305	169
383	281
9	386
231	147
105	358
436	305
105	388
223	23
1	366
74	173
368	370
7	386
6	91
342	315
127	186
390	293
258	490
83	403
418	453
186	105
91	389
206	185
305	116
6	359
70	119
381	74
447	199
490	120
102	315
233	133
284	13
313	49
232	84
232	1
6	418
343	54
206	129
128	185
433	426
84	284
129	85
329	23
357	487
230	160
482	296
116	69
267	210
425	391
173	153
284	102
133	212
98	305
440	59
173	132
139	174
85	439
483	137
83	368
284	68
417	490
258	206
463	157
167	483
162	185
102	22
0	114
353	59
70	290
376	328
221	95
68	124
22	81
133	116
483	305
148	368
98	395
167	364
260	206
42	136
231	29
68	423
376	185
343	64
319	418
447	446
133	447
81	99
470	315
313	487
7	105
91	64
200	364
226	137
233	81
96	98
217	230
473	144
324	395
137	37
241	68
318	386
359	6
253	23
270	117
329	124
169	476
91	395
176	487
186	453
117	285
133	280
62	49
241	25
167	258
383	171
98	491
313	77
395	116
213	54
126	376
359	129
185	130
233	191
63	453
185	334
3	463
147	343
22	345
22	305
186	383
6	362
132	440
370	462
395	491
386	68
221	386
487	116
49	146
232	334
389	71
252	130
81	3
234	200
416	339
200	435
130	232
70	272
368	328
129	171
233	113
168	6
128	99
241	233
132	272
386	76
38	210
232	165
285	357
427	54
7	137
85	259
232	328
231	116
10	357
124	260
185	36
425	168
418	3
494	98
173	74
424	230
150	217
105	39
81	95
0	450
137	352
285	11
104	109
426	145
315	175
440	212
22	73
22	128
188	230
168	450
146	446
446	70
144	125
353	334
370	212
70	416
175	260
375	258
284	257
1	424
64	151
465	132
386	288
258	483
97	315
313	435
401	104
102	69
91	313
425	127
351	73
185	279
119	97
147	395
58	67
376	97
148	232
157	383
368	386
186	184
416	248
68	339
186	450
1	318
42	433
68	20
156	215
23	176
381	253
184	42
3	50
83	206
10	50
339	10
145	258
147	147
258	284
365	103
53	185
9	168
343	470
74	146
98	379
232	54
173	212
175	498
157	447
117	133
102	223
267	232
76	370
36	98
319	130
305	102
490	330
85	7
272	470
185	64
96	81
453	440
73	280
68	138
153	176
171	37
267	233
68	259
58	119
483	433
267	193
230	152
169	76
272	68
395	81
139	364
133	130
359	186
130	357
470	395
284	222
199	230
343	435
339	73
186	315
487	365
259	114
163	395
470	285
379	418
162	144
70	342
260	125
391	364
266	233
486	386
354	267
435	296
230	129
416	285
324	258
470	167
260	1
247	156
188	105
427	332
231	375
290	296
425	395
53	1
36	212
266	280
386	315
81	358
85	145
487	53
53	70
15	427
165	474
378	1
474	428
265	284
44	284
143	334
74	45
57	91
10	279
278	102
161	315
105	486
221	284
168	315
176	482
309	83
212	1
53	258
443	68
57	482
406	29
221	305
159	389
383	120
84	10
424	11
233	409
188	127
3	280
315	57
188	6
357	50
85	23
93	219
425	154
334	453
463	17
176	392
133	305
105	102
260	35
91	267
128	241
186	260
214	175
376	234
186	130
284	279
458	383
133	435
174	212
217	403
272	201
467	158
483	133
397	30
88	487
217	221
470	83
406	233
198	322
125	463
231	144
216	125
132	233
315	97
313	342
53	248
132	64
470	221
6	151
66	153
184	278
188	247
357	453
470	185
334	105
434	446
467	132
315	95
465	260
453	185
368	259
386	1
176	390
85	125
285	411
97	348
334	458
85	117
53	81
198	259
64	241
77	230
360	28
286	139
132	37
6	498
174	413
331	102
89	210
231	348
427	15
433	260
453	188
375	403
185	417
453	452
413	134
102	360
1	39
319	7
269	70
233	186
260	483
167	339
212	486
104	153
39	313
482	133
483	313
296	57
313	16
388	116
266	416
403	359
176	328
133	28
159	73
360	397
233	267
391	42
168	231
168	15
79	74
81	446
104	316
360	10
477	470
230	410
435	424
85	173
418	425
62	125
42	253
83	486
91	93
54	453
169	364
221	265
28	386
53	446
7	6
173	435
216	340
9	39
154	3
440	386
7	81
386	168
37	285
130	487
285	46
305	221
91	144
446	241
267	376
413	365
177	185
98	482
260	20
427	127
413	216
146	42
440	470
42	214
81	105
487	73
127	490
91	158
315	257
315	122
98	137
231	227
102	82
99	483
70	241
105	233
116	49
98	448
84	81
36	216
198	111
159	284
120	168
29	359
266	1
284	233
232	395
39	116
54	486
253	1
115	132
39	146
173	328
351	174
152	83
313	206
188	476
6	74
29	446
342	470
127	6
124	176
136	357
188	77
125	157
9	188
440	62
339	253
425	152
360	99
168	70
128	357
212	185
9	334
426	241
221	176
356	59
13	84
458	315
69	435
233	147
145	376
98	144
456	45
71	388
357	81
491	260
37	379
215	71
234	105
230	413
198	124
498	241
200	146
388	453
296	102
266	151
359	463
105	376
188	55
54	168
169	379
73	290
427	6
69	125
117	305
241	120
114	407
98	152
487	280
230	147
413	22
425	57
22	146
285	138
137	376
370	483
184	110
284	182
313	418
137	232
368	119
290	68
137	468
290	93
168	22
480	247
313	2
201	64
241	312
148	25
28	305
418	433
456	105
339	401
334	173
272	149
325	470
241	42
395	280
285	319
177	129
137	391
232	331
315	114
73	216
226	70
357	98
191	280
73	286
1	471
446	360
22	137
395	463
365	315
127	195
23	258
91	285
446	147
157	166
130	57
7	50
84	376
453	12
315	224
147	77
355	486
435	7
222	117
435	280
57	206
85	428
29	232
37	328
154	313
66	91
168	452
50	483
10	241
58	290
359	98
173	54
154	230
388	2
10	154
188	315
357	313
490	33
216	23
292	427
284	348
368	260
286	267
258	132
94	138
133	143
117	463
230	176
77	73
22	175
53	206
356	49
133	124
427	174
137	319
424	416
3	117
70	427
156	98
214	184
381	433
10	162
486	73
278	230
188	57
130	146
77	290
9	186
284	285
395	54
266	184
25	168
296	448
322	343
104	76
231	280
450	35
68	309
70	154
3	221
188	106
81	216
58	147
144	133
54	119
452	7
102	395
91	90
389	20
370	387
259	100
351	117
101	107
305	260
266	359
176	45
119	468
355	147
266	315
498	10
490	69
487	91
319	290
364	315
147	446
42	158
453	233
115	233
440	45
288	46
440	152
70	64
6	389
114	313
83	185
305	165
117	153
127	432
99	285
313	28
487	184
330	386
174	185
13	168
176	85
73	313
23	138
154	212
345	77
375	316
68	114
375	456
278	260
411	315
6	10
125	425
260	433
145	132
383	129
232	286
133	114
215	69
206	330
79	383
74	188
115	146
470	117
357	458
150	357
470	368
117	270
427	132
252	133
75	483
125	197
365	330
127	84
233	74
184	146
44	230
487	490
188	71
68	241
375	186
453	23
124	376
119	145
206	334
119	84
282	359
10	491
7	221
279	315
381	229
214	57
92	76
174	136
97	330
180	395
435	364
169	137
231	389
93	53
241	364
119	168
116	74
370	386
153	313
185	74
258	370
12	241
416	7
233	157
260	232
6	29
136	98
167	290
369	132
401	188
3	7
175	357
487	9
185	203
212	127
214	232
102	165
108	147
38	64
360	360
230	325
216	58
446	349
108	224
57	185
379	186
174	285
368	177
433	259
184	116
154	458
77	470
139	315
138	334
117	147
370	4
401	230
334	125
116	453
213	83
105	154
230	153
386	105
370	364
440	285
83	233
351	1
232	42
85	269
129	392
102	427
168	453
128	148
85	305
435	185
368	326
169	50
165	486
7	383
364	492
105	395
188	188
173	315
82	68
364	185
79	64
29	258
284	486
233	407
129	258
128	313
285	64
453	370
199	370
69	74
401	389
201	221
39	315
379	73
359	324
128	76
80	200
210	342
285	217
29	206
376	221
315	20
241	386
272	446
124	3
22	121
168	158
68	232
230	286
0	413
168	376
418	364
206	365
230	212
231	334
138	331
158	315
102	232
446	158
360	147
70	453
221	29
6	212
133	171
258	106
116	214
105	295
290	324
194	286
319	104
132	230
74	290
37	25
435	453
266	428
147	278
247	25
176	39
358	376
259	156
158	313
70	105
266	105
330	403
175	116
6	463
230	446
286	446
133	449
430	329
486	4
85	260
376	68
232	171
175	76
446	114
153	285
416	71
370	368
386	133
146	119
98	426
280	375
188	309
22	114
370	216
413	85
270	360
483	279
446	452
302	230
470	383
285	124
92	278
98	158
13	391
175	328
91	132
453	339
119	446
285	62
214	212
343	133
147	59
324	130
128	97
34	105
113	446
152	214
83	232
290	10
232	117
233	153
159	7
105	325
272	84
105	468
132	424
284	470
232	25
175	39
124	105
50	188
198	39
490	221
137	185
266	88
232	98
70	374
188	97
323	107
359	130
85	258
330	313
315	117
149	168
120	146
450	386
119	231
158	284
241	286
147	282
483	435
117	176
468	323
428	325
169	188
81	386
233	130
73	58
1	447
10	114
39	232
4	165
130	364
133	403
315	284
232	195
285	285
137	343
222	470
186	280
360	464
416	359
284	278
260	167
153	342
241	221
258	148
38	265
453	198
108	417
83	175
176	305
138	232
379	159
319	364
233	215
313	231
81	50
68	343
185	258
345	388
487	74
186	80
81	483
143	185
463	266
172	188
81	103
212	116
383	424
188	426
241	223
322	386
403	433
391	214
232	23
232	364
98	334
266	133
483	470
185	85
153	486
433	278
345	74
487	206
97	105
37	21
174	241
175	446
159	212
381	113
49	296
177	188
188	239
196	129
230	224
146	114
357	74
290	258
133	345
113	305
418	128
79	144
313	47
267	70
285	468
284	305
98	49
396	212
200	81
127	136
285	272
359	383
151	175
1	173
42	216
1	132
279	175
351	241
376	91
102	233
364	284
29	157
13	162
42	153
386	53
330	48
465	334
343	154
168	388
124	10
386	286
221	168
221	58
370	57
241	458
375	132
127	169
62	176
258	168
188	9
185	94
185	132
168	91
473	9
425	194
270	81
85	365
210	9
364	125
395	9
379	188
3	123
39	42
264	71
343	370
370	198
154	125
197	166
91	425
73	50
315	383
130	129
456	370
331	10
260	95
68	267
175	241
232	284
215	88
371	241
315	233
1	305
433	386
